1.000000000 0.000000001 0.000000000 -0.000000000 0.000000001 1.000000000 0.000000000 0.000000000 0.000000000 0.000000000 1.000000000 -0.000000002
0.999939084 0.004750344 0.009965145 0.000128740 -0.004768156 0.999987066 0.001764490 0.033101898 -0.009956637 -0.001811898 0.999948800 0.013578569
0.999915898 0.005790919 0.011606182 0.000325665 -0.005927453 0.999913216 0.011764198 0.055005178 -0.011537050 -0.011832002 0.999863386 0.019602465
0.999914885 0.005679612 0.011747600 -0.000475998 -0.005962229 0.999690175 0.024164027 0.079436675 -0.011606717 -0.024232011 0.999638975 0.027082296
0.999931335 0.002349957 0.011473156 -0.001035785 -0.002741779 0.999409258 0.034255940 0.104465172 -0.011385879 -0.034285057 0.999347210 0.034372848
0.999926031 0.000937939 0.012124757 -0.001996120 -0.001439041 0.999141991 0.041386515 0.130848780 -0.012075536 -0.041400902 0.999069571 0.041486550
0.999927878 -0.003494183 0.011492449 -0.002655612 0.002957230 0.998917937 0.046411954 0.155574247 -0.011642185 -0.046374619 0.998856246 0.048761994
0.999926686 -0.005842031 0.010606769 -0.003428093 0.005301805 0.998721898 0.050264947 0.181251243 -0.010886863 -0.050205033 0.998679578 0.054828878
0.999934673 -0.006417334 0.009462974 -0.003629931 0.005889919 0.998482943 0.054746751 0.204105660 -0.009799947 -0.054687440 0.998455286 0.061010517
0.999946058 -0.005095192 0.009053986 -0.004240218 0.004542991 0.998188317 0.059997413 0.225438327 -0.009343279 -0.059953030 0.998157620 0.065871663
0.999952614 0.000072268 0.009738215 -0.005116070 -0.000734120 0.997686565 0.067978188 0.245261163 -0.009710773 -0.067982107 0.997639358 0.069728568
0.999972403 0.000348204 0.007416910 -0.005859914 -0.000932632 0.996878982 0.078939766 0.263201594 -0.007366274 -0.078944497 0.996851802 0.072638735
0.999960780 0.003708808 0.008038427 -0.006533145 -0.004447579 0.995568931 0.093927495 0.279651970 -0.007654449 -0.093959577 0.995546579 0.075149439
0.999866486 0.008043949 0.014223244 0.015176447 -0.009576230 0.993754864 0.111172915 0.298406243 -0.013240150 -0.111294270 0.993699253 0.059771527
0.999839664 0.009269708 0.015320408 0.013686695 -0.011138843 0.991864741 0.126808852 0.305710226 -0.014020290 -0.126959190 0.991808832 0.059925772
0.999895036 0.007165660 0.012584874 0.013006379 -0.008873113 0.989921391 0.141339883 0.303812683 -0.011445241 -0.141436696 0.989881098 0.058433942
0.999941349 0.005768143 0.009163084 0.012351475 -0.007044968 0.989249706 0.146066755 0.292841941 -0.008222044 -0.146122754 0.989232242 0.054303627
0.999955237 0.004909510 0.008071557 0.011793332 -0.006021644 0.989543140 0.144111425 0.275391281 -0.007279636 -0.144153595 0.989528477 0.050204236
0.999908507 0.007907423 0.010977987 0.010753477 -0.009326385 0.990679860 0.135890633 0.250817120 -0.009801126 -0.135980517 0.990663052 0.044064038
0.999763787 0.014635523 0.016060546 0.010055154 -0.016536595 0.991961896 0.125450656 0.219883963 -0.014095417 -0.125686616 0.991969764 0.037732266
0.999497771 0.021462025 0.023308968 0.009894457 -0.023954922 0.993357062 0.112550333 0.185002655 -0.020738574 -0.113052197 0.993372560 0.031623341
0.999332011 0.025118651 0.026545424 -0.012855246 -0.027608486 0.994801402 0.098019756 0.139349446 -0.023945305 -0.098687127 0.994830251 0.039706692
0.998823941 0.031733111 0.036651902 -0.012761580 -0.034672644 0.995982111 0.082567625 0.100922920 -0.033884503 -0.083741352 0.995911241 0.032462828
0.998502374 0.036320962 0.040906686 -0.014200537 -0.039033145 0.996950090 0.067581043 0.062391274 -0.038327310 -0.069076546 0.996874928 0.024396468
0.998398364 0.038816266 0.041153155 -0.015959287 -0.040995222 0.997726321 0.053496636 0.027009275 -0.038983040 -0.055098008 0.997719765 0.016483093
0.998511970 0.037902579 0.039206930 -0.017679140 -0.039473772 0.998415232 0.040108237 -0.007044306 -0.037624594 -0.041596189 0.998425841 0.008731422
0.998562455 0.035794027 0.039898638 -0.018500427 -0.036894295 0.998949170 0.027190099 -0.039001003 -0.038883470 -0.028623031 0.998833716 0.001098934
0.998723328 0.030164979 0.040515855 -0.018968288 -0.030637966 0.999468803 0.011104221 -0.066444688 -0.040159382 -0.012331347 0.999117196 -0.003765721
0.998782754 0.026887095 0.041352127 -0.019053556 -0.026712442 0.999631703 -0.004770443 -0.092725560 -0.041465171 0.003660043 0.999133229 -0.011252533
0.998572767 0.025878727 0.046717603 0.006989698 -0.024801040 0.999415874 -0.023502445 -0.100125737 -0.047298554 0.022310272 0.998631477 -0.029062727
0.998557925 0.027750589 0.045955006 0.007561367 -0.025991274 0.998922288 -0.038448419 -0.116030090 -0.046972468 0.037198566 0.998203218 -0.035342529
0.998512208 0.028180618 0.046683311 0.008861116 -0.025868336 0.998443067 -0.049416091 -0.122642040 -0.048003212 0.048134953 0.997686505 -0.037497211
0.998149157 0.033139419 0.050990924 0.009110156 -0.030497126 0.998194039 -0.051752288 -0.123454563 -0.052613888 0.050101433 0.997357070 -0.039434157
0.997823417 0.038890801 0.053255044 0.010976009 -0.036383998 0.998219728 -0.047258809 -0.113772675 -0.054998174 0.045218326 0.997461855 -0.037491649
0.997451007 0.044342823 0.055904288 0.012489764 -0.042328678 0.998428941 -0.036712520 -0.097129993 -0.057444405 0.034252599 0.997760773 -0.034263216
0.997450590 0.041659586 0.057936814 0.013123392 -0.040300835 0.998888731 -0.024426810 -0.074835204 -0.058890071 0.022029655 0.998021245 -0.028961252
0.997681022 0.038644902 0.056030475 0.015641226 -0.038063012 0.999209940 -0.011416160 -0.047782622 -0.056427434 0.009257007 0.998363614 -0.020190040
0.997921705 0.033891186 0.054807849 0.018067200 -0.033881336 0.999425113 -0.001109268 -0.018392557 -0.054813977 -0.000749990 0.998496175 -0.012486363
0.998257160 0.033689909 0.048452929 -0.006027340 -0.034081791 0.999392390 0.007284515 -0.002568931 -0.048178080 -0.008923184 0.998798907 0.007706741
0.998491704 0.030332666 0.045760904 -0.003664425 -0.030843444 0.999469042 0.010497458 0.029865285 -0.045418195 -0.011893053 0.998897195 0.016864339
0.998758614 0.029941680 0.039804880 -0.001916179 -0.030502580 0.999442756 0.013559487 0.062515900 -0.039376691 -0.014756793 0.999115407 0.024335157
0.998875737 0.028917240 0.037559733 -0.000340918 -0.029625220 0.999391019 0.018431664 0.095443971 -0.037003864 -0.019523643 0.999124348 0.031782228
0.999126971 0.024020584 0.034174886 -0.000056373 -0.024979085 0.999298453 0.027902288 0.128462657 -0.033480674 -0.028731572 0.999026537 0.039034974
0.999019027 0.021750854 0.038567338 0.000605667 -0.023337148 0.998879552 0.041169036 0.160351172 -0.037628662 -0.042028692 0.998407722 0.046740189
0.998953104 0.017538533 0.042252567 0.000978897 -0.019944694 0.998162627 0.057215635 0.189648002 -0.041171450 -0.057998419 0.997467399 0.053506222
0.998770356 0.018076740 0.046163045 0.000607838 -0.021500317 0.996968448 0.074777313 0.215391651 -0.044671364 -0.075677864 0.996131241 0.059586439
0.998776376 0.019408351 0.045487132 0.000296356 -0.023537600 0.995473623 0.092076600 0.236605272 -0.043494187 -0.093034565 0.994712472 0.063780144
0.998658717 0.020118007 0.047707368 0.021624425 -0.025125964 0.993961751 0.106812283 0.258332878 -0.045270443 -0.107867725 0.993133962 0.049709603
0.998786390 0.020697517 0.044692710 0.020080986 -0.025865622 0.992635846 0.118344486 0.266625136 -0.041914135 -0.119356871 0.991966248 0.051193040
0.998906434 0.020119894 0.042201299 0.018728316 -0.025261881 0.991824150 0.125087708 0.266448349 -0.039339505 -0.126017019 0.991247773 0.050586637
0.999019146 0.020456703 0.039270625 0.017186852 -0.025301546 0.991562963 0.127133861 0.256584227 -0.036338553 -0.128002778 0.991107821 0.048119642
0.999084234 0.020132301 0.037752926 0.014835550 -0.024605708 0.992219746 0.122043863 0.238921449 -0.035002172 -0.122861043 0.991806328 0.043877043
0.999128759 0.019995408 0.036632452 0.012463405 -0.023887092 0.993745804 0.109081551 0.215256363 -0.034222219 -0.109861568 0.993357480 0.037424535
0.999383152 0.016971178 0.030745305 -0.011820117 -0.019787068 0.995401025 0.093729317 0.181609556 -0.029013205 -0.094279841 0.995122910 0.047512274
0.999209762 0.021313857 0.033548690 -0.013066296 -0.023969267 0.996438146 0.080849566 0.150887042 -0.031705968 -0.081589796 0.996161640 0.040533923
0.999067485 0.022159250 0.037051257 -0.014346657 -0.024739526 0.997190893 0.070698269 0.118875019 -0.035380546 -0.071548969 0.996809423 0.033374839
0.998715520 0.026936769 0.042913005 -0.014521742 -0.029676311 0.997473896 0.064536825 0.086072005 -0.041066188 -0.065727428 0.996992350 0.024786795
0.998474777 0.026956631 0.048178803 -0.014828173 -0.029814176 0.997776270 0.059611790 0.054192506 -0.046464726 -0.060957275 0.997058213 0.016715985
0.998384178 0.025986856 0.050529577 -0.014113711 -0.028756719 0.998078406 0.054885674 0.022287136 -0.049006164 -0.056250043 0.997213304 0.008877696
0.998262286 0.022116592 0.054622266 -0.013325180 -0.024763614 0.998527348 0.048268802 -0.010539569 -0.053474300 -0.049537539 0.997339845 0.001754140
0.997983456 0.017555073 0.061000161 -0.011591177 -0.019926632 0.999060333 0.038489625 -0.041384842 -0.060267154 -0.039627526 0.997395515 -0.004844032
0.997445703 0.013089161 0.070218019 -0.010630229 -0.014908955 0.999564648 0.025455212 -0.074864328 -0.069854282 -0.026437052 0.997206748 -0.012441326
0.996579647 0.012398991 0.081702791 0.017720712 -0.013058898 0.999886096 0.007547573 -0.088655725 -0.081599914 -0.008588698 0.996628106 -0.031042166
0.996276140 0.012472149 0.085312538 0.018977921 -0.011731895 0.999888957 -0.009172765 -0.115211651 -0.085417464 0.008137739 0.996311903 -0.038164422
0.996012270 0.012725422 0.088304445 0.021288371 -0.010457638 0.999604642 -0.026096579 -0.134536907 -0.088601619 0.025069069 0.995751619 -0.043241262
0.995960414 0.016053442 0.088346750 0.021157900 -0.012851436 0.999243855 -0.036693685 -0.147405714 -0.088868983 0.035410095 0.995413780 -0.049630500
0.995770097 0.015371391 0.090585247 0.007064762 -0.012021680 0.999227762 -0.037408810 -0.173254460 -0.091090307 0.036161587 0.995185912 -0.049786434
0.995339274 0.019760286 0.094389275 0.008381424 -0.016231289 0.999145508 -0.038010288 -0.169466719 -0.095059693 0.036301080 0.994809568 -0.047947377
0.995142519 0.023812857 0.095522039 0.009007487 -0.020482032 0.999152780 -0.035699978 -0.159031585 -0.096291199 0.033570081 0.994786978 -0.045733005
0.995255470 0.025376514 0.093928203 0.009599354 -0.022486111 0.999244273 -0.031704146 -0.142432287 -0.094661765 0.029441644 0.995074034 -0.039725650
0.995418310 0.025461376 0.092163585 0.010695396 -0.022966275 0.999343038 -0.028032809 -0.119849369 -0.092816800 0.025787711 0.995349228 -0.031807084
0.995523870 0.026193304 0.090808146 0.011536912 -0.024188228 0.999440193 -0.023111209 -0.094667867 -0.091362670 0.020811277 0.995600045 -0.024765341
0.995959759 0.024438215 0.086411223 0.013226124 -0.022929998 0.999567628 -0.018403787 -0.065437615 -0.086823605 0.016348027 0.996089458 -0.015107743
0.996293366 0.030007198 0.080617227 0.032757036 -0.028806396 0.999456525 -0.016017247 -0.012386999 -0.081054062 0.013635600 0.996616483 -0.007737169
0.996992826 0.027424501 0.072478212 0.007635475 -0.026907610 0.999605119 -0.008098643 0.005715370 -0.072671711 0.006124076 0.997337162 0.012898061
0.996909499 0.031028086 0.072170742 0.009796370 -0.031161612 0.999513924 0.000724566 0.039257035 -0.072113201 -0.002971280 0.997391999 0.022015382
0.996459365 0.033797961 0.076982640 0.012222153 -0.034820836 0.999321520 0.011983288 0.073620006 -0.076525420 -0.014621459 0.996960402 0.032123182
0.996475995 0.033588335 0.076859735 0.040133227 -0.035769321 0.998990417 0.027177494 0.123410836 -0.075869292 -0.029830933 0.996671498 0.028900286
0.996982336 0.024894159 0.073528282 0.040725913 -0.028506065 0.998416722 0.048488770 0.155583963 -0.072204784 -0.050438445 0.996113658 0.036641143
0.997442782 0.016327325 0.069579981 0.040905315 -0.021318916 0.997204661 0.071611315 0.185071722 -0.068216279 -0.072911546 0.995002687 0.043487146
0.997600496 0.009079327 0.068635657 0.036866035 -0.015505676 0.995481074 0.093685538 0.202031508 -0.067474902 -0.094524987 0.993233144 0.044884749
0.997993588 0.005501552 0.063075729 0.014587895 -0.012339236 0.994016230 0.108533874 0.220649436 -0.062101178 -0.109094389 0.992089689 0.066697285
0.997512698 0.012093152 0.069441251 0.038487136 -0.020319533 0.992684901 0.119011439 0.247766793 -0.067494057 -0.120126441 0.990461588 0.054183945
0.997584283 0.018200999 0.067039721 0.038336080 -0.026496975 0.991800547 0.125018343 0.264912367 -0.064214565 -0.126492649 0.989886880 0.056726601
0.997851193 0.022100519 0.061682481 0.037172455 -0.029888215 0.991280198 0.128337547 0.275947064 -0.058308288 -0.129905403 0.989810407 0.058020916
0.998203456 0.024548184 0.054654591 0.035391938 -0.031395946 0.991252899 0.128188506 0.280898631 -0.051029708 -0.129674211 0.990242660 0.057016026
0.998534918 0.023989737 0.048501492 0.034031250 -0.030047741 0.991278827 0.128309399 0.278633684 -0.045000385 -0.129578784 0.990547538 0.055731025
0.998686254 0.025409669 0.044496473 0.032613628 -0.030934557 0.991260231 0.128242165 0.269054294 -0.040848993 -0.129450157 0.990744114 0.053109579
0.998726904 0.026374014 0.042999230 0.031595580 -0.031688411 0.991266310 0.128011510 0.252108276 -0.039247513 -0.129211128 0.990840077 0.049397174
0.998695433 0.027822029 0.042817540 0.030221585 -0.032990031 0.991588116 0.125159040 0.229627609 -0.038975183 -0.126408309 0.991212308 0.044267997
0.998686671 0.027732102 0.043080349 0.028734207 -0.032763697 0.992128253 0.120864019 0.204141155 -0.039389424 -0.122116730 0.991733849 0.038343005
0.998475194 0.031029519 0.045655556 0.027545424 -0.036200482 0.992450535 0.117182352 0.174999356 -0.041674770 -0.118656419 0.992060483 0.032900941
0.997895420 0.036911629 0.053313553 0.027892372 -0.042754818 0.992676616 0.112983122 0.142281070 -0.048752718 -0.115024745 0.992165625 0.028332304
0.997261882 0.042940844 0.060207862 0.033052426 -0.049088918 0.993295372 0.104663379 0.117508925 -0.055309869 -0.107332334 0.992683470 0.026080046
0.997429848 0.042139966 0.057943463 0.005742391 -0.047574151 0.994258225 0.095850103 0.065966748 -0.053571645 -0.098360375 0.993707895 0.032030500
0.996736884 0.044837762 0.067118689 0.031658959 -0.050252195 0.995423198 0.081283845 0.044141963 -0.063166924 -0.084391452 0.994428337 0.012644368
0.996491969 0.043544278 0.071467839 0.031466153 -0.048116762 0.996817529 0.063556679 0.008298143 -0.068472877 -0.066772513 0.995415807 0.007049412
0.996010482 0.041825052 0.078827173 0.030233944 -0.045288168 0.998062253 0.042669136 -0.027333610 -0.076889783 -0.046068843 0.995974481 -0.000319494
0.995548844 0.041781299 0.084480397 0.029723346 -0.043683901 0.998828828 0.020798955 -0.062541343 -0.083512440 -0.024396800 0.996207893 -0.007424338
0.994912565 0.041526604 0.091785528 0.028518768 -0.041775707 0.999126732 0.000793654 -0.093370155 -0.091672406 -0.004624018 0.995778322 -0.015288332
0.994578838 0.042229392 0.095023990 0.027614612 -0.040903393 0.999037027 -0.015859954 -0.121216215 -0.095602237 0.011887187 0.995348632 -0.023386527
0.994577646 0.038373515 0.096658148 0.026671683 -0.035695635 0.998933434 -0.029283570 -0.143877357 -0.097678751 0.025674524 0.994886756 -0.030111916
0.994868636 0.033092581 0.095608972 0.014451764 -0.029818790 0.998925805 -0.035469957 -0.178409681 -0.096680053 0.032437004 0.994786799 -0.034817994
0.994836807 0.027137991 0.097791083 0.011962781 -0.023399308 0.998958170 -0.039177597 -0.192355916 -0.098752409 0.036687072 0.994435549 -0.041239727
0.994565248 0.024663046 0.101152264 0.012561041 -0.020799985 0.999019980 -0.039069179 -0.193807349 -0.102016710 0.036752880 0.994103491 -0.040610746
0.994307756 0.021759486 0.104301222 0.012809870 -0.018082263 0.999185562 -0.036072742 -0.190819830 -0.105001219 0.033981401 0.993891299 -0.034835476
0.994254231 0.020969279 0.104970753 0.012247237 -0.017771255 0.999351799 -0.031309113 -0.182235315 -0.105559245 0.029263759 0.993982255 -0.031893343
0.993765354 0.019248718 0.109817468 0.013255386 -0.016536236 0.999536574 -0.025557507 -0.167148024 -0.110258527 0.023582203 0.993623078 -0.026621060
0.993095577 0.020318778 0.115535811 0.015371032 -0.018146263 0.999638855 -0.019824740 -0.146451354 -0.115896910 0.017591318 0.993105412 -0.018944735
0.992107272 0.026131278 0.122638129 0.013277027 -0.024810577 0.999616623 -0.012284111 -0.126257256 -0.122912109 0.009144437 0.992375433 -0.013759887
0.991364419 0.031429272 0.127313539 0.016735492 -0.030822832 0.999502182 -0.006731124 -0.101824872 -0.127461731 0.002748836 0.991839707 -0.005174689
0.990711749 0.040413238 0.129834071 0.019319793 -0.040616445 0.999174237 -0.001083445 -0.075125508 -0.129770651 -0.004200012 0.991535127 0.003731634
0.991273761 0.042893741 0.124644414 0.011982885 -0.043648917 0.999041378 0.003332783 -0.043335475 -0.124381974 -0.008744292 0.992195785 0.022431355
0.991858363 0.046289168 0.118634783 0.014444759 -0.048118304 0.998762131 0.012598960 -0.017228151 -0.117904752 -0.018204886 0.992857993 0.029716484
0.991592646 0.051369183 0.118765377 0.043015473 -0.054289322 0.998294115 0.021482181 0.024464039 -0.117459245 -0.027749255 0.992689908 0.023612110
0.992848933 0.052441124 0.107241206 0.044213809 -0.056326330 0.997849345 0.033524457 0.048844825 -0.105252512 -0.039325234 0.993667603 0.025820099
0.994243383 0.050959043 0.094250061 0.045250483 -0.055487484 0.997396052 0.046065956 0.071037754 -0.091657177 -0.051030472 0.994482160 0.026782671
0.995542109 0.046704669 0.081941605 0.045245368 -0.051714059 0.996850848 0.060115170 0.089570910 -0.078875907 -0.064084724 0.994822443 0.025225487
0.996744096 0.040864449 0.069505662 0.045023855 -0.046105623 0.996075213 0.075554460 0.104514189 -0.066145360 -0.078513063 0.994716227 0.021053191
0.997534454 0.034143616 0.061311010 0.045265313 -0.039682291 0.995012224 0.091519445 0.115647115 -0.057880405 -0.093726769 0.993913949 0.018823700
0.998307347 0.025157951 0.052433446 0.044402242 -0.030688273 0.993732452 0.107489899 0.123384692 -0.049400579 -0.108917058 0.992822528 0.014543623
0.998806894 0.018341463 0.045256950 0.043501060 -0.023930842 0.991712034 0.126231611 0.127872810 -0.042566575 -0.127164036 0.990967870 0.009693217
0.999134719 0.011518234 0.039962821 0.043031871 -0.017205516 0.989277065 0.145032361 0.129750863 -0.037863806 -0.145594418 0.988619447 0.004251305
0.999181032 0.005588000 0.040073901 0.042852391 -0.012172366 0.986050010 0.166002005 0.130943984 -0.038587276 -0.166353822 0.985310793 0.000052806
0.998913705 0.000100471 0.046598006 0.042636078 -0.008967854 0.981718540 0.190125629 0.130680919 -0.045727052 -0.190336972 0.980653107 -0.003537862
0.998205662 -0.003169184 0.059795588 0.042872902 -0.009735802 0.976720870 0.214292333 0.130655959 -0.059082761 -0.214489907 0.974937439 -0.006214434
0.997331440 -0.008646646 0.072493196 0.041572671 -0.008694520 0.971827805 0.235530585 0.129532218 -0.072487481 -0.235532284 0.969159365 -0.008997509
0.996518373 -0.016141037 0.081797011 0.039924879 -0.005166802 0.967239559 0.253811955 0.128260106 -0.083214112 -0.253350914 0.963788688 -0.011411630
0.996042907 -0.021040402 0.086348005 0.036999982 -0.003166561 0.962553620 0.271072209 0.126246214 -0.088818073 -0.270272911 0.958678126 -0.015757533
0.995833516 -0.025064381 0.087678179 0.034301404 -0.001406346 0.957149088 0.289591253 0.125714704 -0.091179550 -0.288507998 0.953126073 -0.020018946
0.995584667 -0.032162771 0.088184908 0.032952126 0.003348275 0.951036334 0.309060514 0.124771938 -0.093807310 -0.307400644 0.946944952 -0.024908122
0.995427370 -0.035987351 0.088483155 0.026759503 0.005338960 0.945829630 0.324619442 0.117458031 -0.095372207 -0.322662652 0.941696823 -0.035225250
0.995190978 -0.043602053 0.087713443 0.026386594 0.010808171 0.938876808 0.344083607 0.117692068 -0.097354889 -0.341480911 0.934832990 -0.041051082
0.995187759 -0.045324560 0.086873285 0.026910797 0.010814105 0.931975842 0.362359077 0.118738644 -0.097387582 -0.359675854 0.927981079 -0.047219861
0.995211244 -0.044943705 0.086802833 0.027884251 0.008809471 0.925652981 0.378270924 0.119268395 -0.097350225 -0.375694782 0.921616018 -0.053101920
0.995532036 -0.044215992 0.083430916 0.030359225 0.008128455 0.920434773 0.390811861 0.119103305 -0.094072849 -0.388387591 0.916681707 -0.057891794
0.995831072 -0.043045625 0.080420673 0.033342119 0.007483668 0.917231381 0.398284644 0.117369860 -0.090908788 -0.396022350 0.913729608 -0.061860900
0.995772779 -0.043992080 0.080630951 0.037422534 0.008207751 0.916948497 0.398921371 0.115513973 -0.091483817 -0.396573216 0.913433254 -0.063916922
0.995943189 -0.043853294 0.078575045 0.042201068 0.009309913 0.918740630 0.394751936 0.112933427 -0.089501269 -0.392418921 0.915421665 -0.064885877
0.996289909 -0.044677280 0.073555686 0.046590626 0.012726611 0.921779633 0.387505233 0.111125976 -0.085114822 -0.385131419 0.918928325 -0.064437561
0.996595621 -0.044136625 0.069635853 0.051472619 0.014438380 0.925014436 0.379657596 0.109364904 -0.081170976 -0.377359748 0.922502518 -0.063566573
0.996772707 -0.041682750 0.068604238 0.054693963 0.013173531 0.927971900 0.372417182 0.108789459 -0.079186186 -0.370311588 0.925526261 -0.061624244
0.997147620 -0.035987802 0.066344269 0.056523290 0.009197715 0.930395126 0.366442919 0.109060541 -0.074913859 -0.364787489 0.928072155 -0.059804291
0.997518480 -0.032508485 0.062451266 0.057673573 0.007696823 0.932055414 0.362234116 0.108536363 -0.069983736 -0.360854536 0.929992557 -0.057677545
0.997917235 -0.026430828 0.058843218 0.058523811 0.003436527 0.932690918 0.360660404 0.107485250 -0.064415090 -0.359706998 0.930839181 -0.055139251
0.998121798 -0.023886612 0.056410991 0.059479780 0.001846153 0.932158232 0.362046629 0.106492542 -0.061232030 -0.361262560 0.930451512 -0.052739736
0.998294830 -0.019539313 0.055006750 0.060833674 -0.001955471 0.930592835 0.366050929 0.105983146 -0.058341276 -0.365534335 0.928967655 -0.050231975
0.998400748 -0.016487572 0.054076128 0.063847400 -0.004738437 0.928756952 0.370658934 0.105153613 -0.056334853 -0.370322406 0.927193403 -0.047909845
0.998457015 -0.015633535 0.053283941 0.067455299 -0.005377461 0.927820563 0.372988045 0.104662456 -0.055269066 -0.372699082 0.926304877 -0.044932108
0.998440683 -0.016882312 0.053208005 0.073674858 -0.004280440 0.927210748 0.374515384 0.104128726 -0.055657737 -0.374159217 0.925692737 -0.041972153
0.998354852 -0.019452490 0.053937133 0.081383497 -0.002272040 0.926531911 0.376209229 0.102629989 -0.057292696 -0.375712901 0.924963355 -0.039073069
0.998207688 -0.021401042 0.055887494 0.090999104 -0.001267967 0.926098824 0.377278954 0.101850010 -0.059831508 -0.376673609 0.924411774 -0.035776392
0.998037517 -0.024382601 0.057676248 0.101874121 0.000743497 0.925624907 0.378441572 0.101315789 -0.062613964 -0.377656072 0.923826396 -0.032596346
0.997852564 -0.029215898 0.058623981 0.114734650 0.004651607 0.924361467 0.381489396 0.099411793 -0.065335311 -0.380397469 0.922512293 -0.029603267
0.997705698 -0.033641510 0.058750130 0.129410669 0.008596251 0.923724830 0.382960171 0.098545372 -0.067152321 -0.381576538 0.921894670 -0.027431587
0.997462928 -0.037685789 0.060396083 0.144955277 0.011584427 0.923005164 0.384613276 0.096913844 -0.070240363 -0.382937759 0.921099842 -0.025375571
0.997212291 -0.041908853 0.061734974 0.163385212 0.015019353 0.923174262 0.384088218 0.094462216 -0.073088832 -0.382090330 0.921230137 -0.023536103
0.997276485 -0.050233837 0.054001935 0.188414440 0.026152100 0.925465763 0.377927601 0.093624927 -0.068961695 -0.375485986 0.924258888 -0.022039058
0.996686995 -0.055091962 0.059831973 0.206559375 0.028998714 0.928009331 0.371426880 0.091420144 -0.075987257 -0.368461281 0.926532447 -0.019571863
0.995969057 -0.061523497 0.065272391 0.225824982 0.033552285 0.930402040 0.365001947 0.088787176 -0.083185747 -0.361340612 0.928715825 -0.016874226
0.995175481 -0.066373266 0.072253183 0.244636700 0.035984185 0.932039917 0.360564798 0.086361110 -0.091274701 -0.356225222 0.929931462 -0.014500413
0.994366944 -0.071965545 0.077815518 0.263213366 0.039443560 0.932682514 0.358535409 0.085868090 -0.098379351 -0.353446454 0.930267215 -0.012097254
0.993581295 -0.076052606 0.083739161 0.281352967 0.040925555 0.931793869 0.360673308 0.086316347 -0.105457790 -0.354931235 0.928925455 -0.010207478
0.992609978 -0.078755602 0.092319034 0.298279256 0.039505228 0.929062605 0.367807060 0.087275147 -0.114737034 -0.361441910 0.925308108 -0.008336052
0.991605282 -0.081253715 0.100582004 0.315718502 0.037487593 0.925136149 0.377779901 0.088826597 -0.123748079 -0.370837957 0.920416057 -0.007542193
0.990406930 -0.087120771 0.107256368 0.330246300 0.039011717 0.920918941 0.387796909 0.090302035 -0.132559597 -0.379892468 0.915483236 -0.005807735
0.989383936 -0.088237219 0.115471348 0.338798076 0.036490127 0.919953644 0.390325338 0.093728557 -0.140669495 -0.381968021 0.913407028 -0.004675582
0.989219844 -0.087467991 0.117445752 0.349802345 0.034493007 0.918625474 0.393621206 0.096006982 -0.142317906 -0.385326862 0.911739409 -0.003399916
0.989431143 -0.087265693 0.115804300 0.359264970 0.034850396 0.918337107 0.394262105 0.097693935 -0.140752926 -0.386059314 0.911672473 -0.002639003
0.989559710 -0.087591924 0.114452027 0.366026133 0.035878856 0.918841422 0.392992705 0.099125639 -0.139586225 -0.384783268 0.912391126 -0.001511402
0.989777923 -0.088660210 0.111710146 0.370824993 0.038487416 0.920273185 0.389379233 0.100419879 -0.137326300 -0.381099522 0.914278150 -0.000999607
0.990143061 -0.088600293 0.108474806 0.373250276 0.040202584 0.921684384 0.385851860 0.101252742 -0.134166136 -0.377687514 0.916161239 -0.000788786
0.990155876 -0.090881027 0.106451906 0.373966932 0.043495741 0.922667801 0.383134782 0.101856895 -0.133039430 -0.374732912 0.917537749 -0.000986889
0.990026951 -0.091905430 0.106771141 0.372004777 0.044507790 0.923128545 0.381906867 0.102764368 -0.133662775 -0.373345822 0.918012559 -0.001393810
0.989722490 -0.091153227 0.110183962 0.368782610 0.042366099 0.922824323 0.382884502 0.102890618 -0.136581555 -0.374281347 0.917201638 -0.002364069
0.989601970 -0.089735448 0.112407461 0.363210022 0.040211607 0.922959030 0.382791877 0.101933926 -0.138097495 -0.374291480 0.916970372 -0.004036762
0.989640415 -0.089847565 0.111978590 0.355333686 0.040633034 0.923364222 0.381768882 0.100906245 -0.137698025 -0.373263836 0.917449296 -0.005798779
0.989914119 -0.088422254 0.110686481 0.345111966 0.039884083 0.923648477 0.381159991 0.099639192 -0.135938406 -0.372900993 0.917859197 -0.008001164
0.990300536 -0.089071698 0.106636070 0.333244115 0.041900616 0.923203707 0.382020175 0.099163406 -0.132473961 -0.373846591 0.917981148 -0.010954872
0.991115332 -0.085886233 0.101557121 0.320214182 0.040572587 0.922395945 0.384108961 0.100207224 -0.126665547 -0.376575828 0.917685390 -0.013785016
0.991638541 -0.084234416 0.097762316 0.305132985 0.040086925 0.921171188 0.387087494 0.101029724 -0.122661904 -0.379931927 0.916845500 -0.015964102
0.992162466 -0.082574390 0.093782701 0.288371265 0.039943554 0.920741737 0.388122708 0.102326132 -0.118398622 -0.381334692 0.916823566 -0.017913342
0.992707849 -0.081523426 0.088798165 0.270135581 0.040909518 0.920758188 0.387983054 0.102749273 -0.113391340 -0.381521016 0.917378843 -0.019773278
0.993410528 -0.078807488 0.083216578 0.251068592 0.040719040 0.921395481 0.386487275 0.102854282 -0.107133463 -0.380551934 0.918532789 -0.022679944
0.994396448 -0.078192130 0.071146838 0.234490901 0.044774763 0.921167076 0.386583060 0.100577414 -0.095765881 -0.381231159 0.919506252 -0.025975937
0.995059431 -0.074469112 0.065659963 0.213049173 0.043909512 0.923250973 0.381680101 0.099667132 -0.089044005 -0.376911253 0.921959400 -0.029758533
0.995718718 -0.069128789 0.061363488 0.190676227 0.041026674 0.925394833 0.376777619 0.097936802 -0.082831621 -0.372646958 0.924268961 -0.033527408
0.996183455 -0.066166729 0.056924749 0.168437645 0.040377162 0.927541912 0.371531606 0.096656501 -0.077383108 -0.367815197 0.926673532 -0.036928270
0.996562600 -0.063125201 0.053647764 0.144756854 0.038914565 0.928401589 0.369534999 0.094863810 -0.073133640 -0.366177082 0.927666843 -0.039742537
0.996935010 -0.060417667 0.049701974 0.121370338 0.037857402 0.928518116 0.369352043 0.094211377 -0.068464562 -0.366338462 0.927959383 -0.042586815
0.997434378 -0.055534769 0.045171734 0.097175904 0.034817807 0.927695155 0.371711522 0.094036475 -0.062548503 -0.369185090 0.927248716 -0.045029718
0.997818887 -0.051326632 0.041510608 0.071886033 0.032010913 0.926178515 0.375724018 0.094940208 -0.057730887 -0.373575658 0.925801396 -0.047829244
0.998267770 -0.045651291 0.037112877 0.048412509 0.028196802 0.924877584 0.379218310 0.096142218 -0.051636662 -0.377514988 0.924562633 -0.049248170
0.998491466 -0.042053938 0.035304420 0.024754887 0.025559854 0.925043166 0.379001170 0.097864389 -0.048596598 -0.377527058 0.924722552 -0.050913393
0.998292744 -0.035982460 0.046008788 -0.007382178 0.015944755 0.925675273 0.377983004 0.100561589 -0.056189954 -0.376604021 0.924668610 -0.050468992
0.998501897 -0.034441449 0.042515695 -0.031179031 0.015957423 0.926554322 0.375822484 0.101944201 -0.052336968 -0.374581039 0.925715804 -0.051911637
0.998660982 -0.032248583 0.040451385 -0.054819129 0.014828632 0.927560270 0.373379529 0.103917852 -0.049562052 -0.372279674 0.926796317 -0.053364296
0.998869538 -0.028691396 0.037897229 -0.078518748 0.012592416 0.928521097 0.371066272 0.105670355 -0.045834780 -0.370169520 0.927832723 -0.055155657
0.999013662 -0.027131315 0.035149261 -0.101425700 0.012229798 0.929118395 0.369580150 0.107956581 -0.042685021 -0.368785769 0.928533733 -0.056610614
0.999191999 -0.022429518 0.033353291 -0.126931146 0.008455290 0.928543448 0.371127516 0.110133484 -0.039294194 -0.370545596 0.927982688 -0.058689956
0.999486029 -0.019902881 0.025133248 -0.147801086 0.009058209 0.927332997 0.374127716 0.114047237 -0.030753117 -0.373707712 0.927036524 -0.059919290
0.999702394 -0.016432142 0.018038495 -0.167500228 0.008324901 0.924586654 0.380880892 0.116968349 -0.022936847 -0.380617261 0.924448133 -0.061020296
0.999856710 -0.014163040 0.009279517 -0.185344696 0.009481394 0.922373712 0.386182338 0.121139854 -0.014028706 -0.386038929 0.922375798 -0.061484098
0.999934018 -0.011486080 0.000586588 -0.202438071 0.010345013 0.920540154 0.390510857 0.123249725 -0.005025428 -0.390478939 0.920598090 -0.063144341
0.999872446 -0.009812888 -0.012597336 -0.214978874 0.013948659 0.920754254 0.389893621 0.126348972 0.007773068 -0.390019625 0.920773625 -0.061466649
0.999798775 -0.008056821 -0.018364858 -0.227367148 0.014517324 0.922549665 0.385605246 0.126809672 0.013835737 -0.385794282 0.922481000 -0.062501140
0.999702930 -0.006040990 -0.023608055 -0.237707675 0.014543424 0.925243080 0.379095912 0.127351731 0.019553078 -0.379326612 0.925056100 -0.064123489
0.999549747 -0.005500470 -0.029493932 -0.244802609 0.016090624 0.927994967 0.372244954 0.127635270 0.025322700 -0.372551948 0.927665710 -0.064740390
0.999486983 -0.004199853 -0.031746931 -0.248601153 0.015608865 0.929518342 0.368445516 0.127036080 0.027961936 -0.368752033 0.929107130 -0.065633185
0.999485254 -0.002649378 -0.031968649 -0.248815715 0.014201215 0.930148363 0.366909146 0.126559734 0.028763507 -0.367174298 0.929707289 -0.066763252
0.999570131 -0.000001459 -0.029315446 -0.246654183 0.010793598 0.929769635 0.367983520 0.126439258 0.027256075 -0.368141770 0.929369986 -0.068108946
0.999677658 0.000260324 -0.025384359 -0.240637034 0.009168603 0.928747714 0.370599061 0.125304803 0.023672141 -0.370712370 0.928445876 -0.069476977
0.999803543 0.000570638 -0.019805361 -0.231927633 0.006841114 0.928170562 0.372092187 0.124375626 0.018595085 -0.372154593 0.927984416 -0.070843786
0.999934554 0.000240028 -0.011431867 -0.220670894 0.004026423 0.928352475 0.371679425 0.123284563 0.010702014 -0.371701151 0.928290725 -0.071979202
0.999990702 0.000892173 -0.004199765 -0.206795320 0.000721849 0.929312289 0.369293928 0.121532001 0.004232367 -0.369293541 0.929303050 -0.073910996
0.999994874 0.000806663 0.003061857 -0.190435141 -0.001872460 0.930452347 0.366408080 0.119766787 -0.002553346 -0.366411924 0.930449188 -0.074879318
0.999961197 0.000717200 0.008768083 -0.172488034 -0.003853660 0.931669831 0.363285691 0.117580347 -0.007908410 -0.363305420 0.931636453 -0.076352969
0.999843538 -0.002535997 0.017511059 -0.153907314 -0.003951148 0.932682991 0.360675573 0.115892097 -0.017246950 -0.360688329 0.932526886 -0.080085225
0.999720097 -0.004272823 0.023273602 -0.133446187 -0.004426406 0.932430565 0.361322492 0.114199266 -0.023244884 -0.361324370 0.932150424 -0.080609441
0.999567986 -0.008690229 0.028078888 -0.111717343 -0.002119719 0.931494296 0.363750070 0.113606043 -0.029316394 -0.363652408 0.931073248 -0.080477230
0.999492586 -0.013251687 0.028968653 -0.089568436 0.001647345 0.929653406 0.368431568 0.113157637 -0.031813148 -0.368196815 0.929203391 -0.079636805
0.999364913 -0.018048096 0.030728513 -0.066838458 0.005227394 0.927185535 0.374566048 0.112536073 -0.035251241 -0.374167502 0.926690876 -0.078730509
0.999228716 -0.020965531 0.033206057 -0.043377690 0.006812694 0.925289512 0.379200339 0.112442382 -0.038675353 -0.378681600 0.924718559 -0.077294141
0.999080360 -0.021699958 0.036983743 -0.019561786 0.005930794 0.924136639 0.382016122 0.112038508 -0.042467766 -0.381445378 0.923415303 -0.075749531
0.999107420 -0.024432113 0.034459770 0.005838047 0.009453556 0.924398541 0.381311029 0.112245515 -0.041170795 -0.380644888 0.923804343 -0.073726334
0.999147713 -0.026308997 0.031806190 0.029671142 0.012275808 0.925082266 0.379568636 0.111867025 -0.039409414 -0.378854632 0.924616694 -0.071634367
0.999178827 -0.027627053 0.029636262 0.052210514 0.014378550 0.925644696 0.378120869 0.111197755 -0.037879016 -0.377384216 0.925281763 -0.069504403
0.999086618 -0.030827429 0.029588567 0.073778883 0.017340448 0.925390303 0.378618896 0.110128887 -0.039052818 -0.377759993 0.925079644 -0.067251049
0.999010861 -0.033344589 0.029415190 0.095374614 0.019672593 0.924725950 0.380125195 0.109198682 -0.039876103 -0.379170567 0.924467146 -0.065079756
0.998866916 -0.035948634 0.031183664 0.114970639 0.021301083 0.923697352 0.382530510 0.109431230 -0.042555708 -0.381432831 0.923416495 -0.062496860
0.998683751 -0.037418418 0.035079181 0.132305443 0.021053456 0.922727048 0.384878755 0.110393457 -0.046770059 -0.383633584 0.922300279 -0.059933849
0.998678625 -0.043849386 0.026799478 0.155947521 0.030065354 0.921458483 0.387311876 0.111318484 -0.041677989 -0.385994375 0.921559095 -0.057396695
0.998401880 -0.047554471 0.030535659 0.169295892 0.031965919 0.920771658 0.388790280 0.113350801 -0.046605077 -0.387192786 0.920820117 -0.054073267
0.998184979 -0.051015940 0.032002605 0.180738240 0.034592830 0.920701563 0.388731271 0.116171472 -0.049296342 -0.386918664 0.920795143 -0.050509673
0.997954071 -0.051941756 0.037281085 0.191111535 0.033499889 0.921444714 0.387062460 0.119053908 -0.054457173 -0.385021716 0.921299458 -0.045892533
0.997299194 -0.054849371 0.048846260 0.200289726 0.032234326 0.924451947 0.379933685 0.121880867 -0.065995142 -0.377333105 0.923723042 -0.040768106
0.996092498 -0.058973100 0.065742664 0.207899302 0.030590113 0.928694010 0.369583249 0.123369150 -0.082850285 -0.366127968 0.926868916 -0.035160981
0.994972229 -0.060834672 0.079557955 0.214393392 0.029131457 0.935824335 0.351260722 0.125936136 -0.095821097 -0.347176999 0.932891428 -0.029405821
0.993994474 -0.059744082 0.091683194 0.218768969 0.026032103 0.942859769 0.332171321 0.126750425 -0.106289655 -0.327789754 0.938752532 -0.024202943
0.992870629 -0.058055434 0.104102910 0.222434551 0.022733646 0.949569881 0.312730193 0.126617715 -0.117008671 -0.308133990 0.944119930 -0.019610498
0.991437852 -0.057363968 0.117304936 0.225557834 0.020815017 0.956279814 0.291711569 0.125834033 -0.128910065 -0.286772192 0.949285984 -0.015394896
0.990084350 -0.058495540 0.127715409 0.228415579 0.021278663 0.961135447 0.275256217 0.124427162 -0.138853043 -0.269809306 0.952849865 -0.011427630
0.988668978 -0.061725602 0.136834264 0.231993467 0.023575019 0.964081526 0.264558136 0.122792751 -0.148249373 -0.258334607 0.954612672 -0.006770227
0.987146556 -0.069644131 0.143845320 0.234912813 0.029510215 0.964010894 0.264219910 0.120752841 -0.157069832 -0.256578863 0.953675091 -0.004181266
0.985439062 -0.077776566 0.151197046 0.239565775 0.034215502 0.961763978 0.271734029 0.118986130 -0.166550428 -0.262604147 0.950420916 0.001818925
0.983205378 -0.088778742 0.159453899 0.246112823 0.041295893 0.959269941 0.279456437 0.116744906 -0.177769095 -0.268178344 0.946825504 0.008605264
0.980902851 -0.097609937 0.168231830 0.252540529 0.045914207 0.956713796 0.287385583 0.114783220 -0.189001411 -0.274173141 0.942924976 0.017609283
0.977934718 -0.106408499 0.179780215 0.257946551 0.049031954 0.953429937 0.297602326 0.111212917 -0.203075260 -0.282220691 0.937609613 0.028338842
0.976104379 -0.112783387 0.185742617 0.264721930 0.051304601 0.950210273 0.307357043 0.108936161 -0.211159259 -0.290483087 0.933290660 0.039036624
0.975090861 -0.117791899 0.187943593 0.271568239 0.053328671 0.946981430 0.316831440 0.105704978 -0.215299264 -0.298916698 0.929674625 0.049965754
0.975106239 -0.119998239 0.186462909 0.276857257 0.054226186 0.944428980 0.324211955 0.102607824 -0.215005830 -0.306029916 0.927425563 0.061711349
0.975324154 -0.125454605 0.181669921 0.279946119 0.059354659 0.941566348 0.331556410 0.098194413 -0.212649554 -0.312592000 0.925778747 0.074842453
0.976887345 -0.125713035 0.172879606 0.280935049 0.061335176 0.939619720 0.336678892 0.093552455 -0.204766035 -0.318293750 0.925613344 0.088881001
0.978932559 -0.122738779 0.163175032 0.279113173 0.061710827 0.939635873 0.336565137 0.088336721 -0.194634691 -0.319404900 0.927414536 0.103638209
0.981921136 -0.111362025 0.153067499 0.273541301 0.055284832 0.942094922 0.330757678 0.082691461 -0.181037962 -0.316315651 0.931219459 0.118851602
0.984948933 -0.101845920 0.139654040 0.267336488 0.052240159 0.945585787 0.321151793 0.077254899 -0.164762869 -0.309022635 0.936673999 0.134271890
0.988098085 -0.090321906 0.124516159 0.258885801 0.047618441 0.949303806 0.310732573 0.072147734 -0.146269590 -0.301105022 0.942306161 0.149434432
0.990960896 -0.075990498 0.110553041 0.247768328 0.039139904 0.952012837 0.303544998 0.067486152 -0.128314435 -0.296474218 0.946381748 0.164867252
0.993541539 -0.063747287 0.093869433 0.234995931 0.033043034 0.953961432 0.298103422 0.063950859 -0.108551100 -0.293076485 0.949906766 0.178298488
0.995933652 -0.050348010 0.074707709 0.218472034 0.026122550 0.955022693 0.295379996 0.061442234 -0.086219341 -0.292227358 0.952454388 0.190056354
0.997942984 -0.040063590 0.050044417 0.199317709 0.023511294 0.954994977 0.295689046 0.058539204 -0.059638530 -0.293904245 0.953972518 0.199849978
0.999328434 -0.030110814 0.020880949 0.176553369 0.022506749 0.954087794 0.298680186 0.057351500 -0.028915763 -0.298009634 0.954124808 0.206858635
0.999803305 -0.018673539 -0.006690130 0.151288405 0.019823382 0.952561498 0.303699881 0.058063656 0.000701591 -0.303772807 0.952744246 0.211861402
0.999470234 -0.006739480 -0.031837184 0.123482734 0.016279100 0.950658679 0.309811831 0.058214098 0.028178316 -0.310166091 0.950264692 0.209857002
0.998153925 0.004748464 -0.060546994 0.094767079 0.014656496 0.948639572 0.316019356 0.060076591 0.058937885 -0.316323429 0.946818769 0.206644118
0.996211052 0.017658403 -0.085156664 0.063329302 0.010696459 0.946856916 0.321477026 0.063307896 0.086307943 -0.321169853 0.943080485 0.200493380
0.993430316 0.032576006 -0.109703526 0.033050358 0.004833937 0.945827484 0.324633688 0.068240471 0.114335880 -0.323031336 0.939456284 0.189958036
0.990357935 0.040349144 -0.132525936 -0.000040097 0.005385480 0.944706559 0.327872783 0.072108805 0.138427496 -0.325425118 0.935380280 0.176601470
0.986889839 0.044588920 -0.155113846 -0.029655337 0.009060529 0.944257796 0.329082012 0.076431289 0.161140889 -0.326173097 0.931474566 0.160638735
0.983522296 0.047913637 -0.174322069 -0.061945945 0.012499364 0.943911433 0.329961956 0.081597723 0.180354238 -0.326703787 0.927759230 0.138998181
