1.000000000 0.000000000 0.000000000 0.000000000 0.000000000 1.000000000 0.000000000 0.000000000 0.000000000 0.000000000 1.000000000 0.000000000
1.000000000 -0.000041085 0.000106230 -0.000131404 0.000041069 1.000000000 0.000158923 -0.000237321 -0.000106236 -0.000158918 1.000000000 0.000144342
1.000000000 0.000012187 0.000076340 0.000079441 -0.000012178 1.000000000 -0.000123567 0.000317618 -0.000076341 0.000123566 1.000000000 0.000417931
1.000000000 0.000098243 0.000022890 0.000010772 -0.000098241 1.000000000 -0.000115147 0.000219761 -0.000022901 0.000115144 1.000000000 0.000143941
1.000000000 0.000191663 -0.000027625 0.000148408 -0.000191661 1.000000000 0.000076938 -0.000046385 0.000027640 -0.000076933 1.000000000 0.000036296
1.000000000 0.000186439 0.000057780 -0.000079629 -0.000186432 1.000000000 -0.000116636 0.000393786 -0.000057801 0.000116625 1.000000000 0.000169677
0.999999940 0.000266088 0.000280284 -0.000173163 -0.000266165 0.999999940 0.000274671 -0.000271051 -0.000280211 -0.000274746 0.999999940 0.000425865
0.999999881 0.000078247 0.000490411 0.000034087 -0.000078229 1.000000000 -0.000036155 -0.000011071 -0.000490414 0.000036117 0.999999881 0.000342955
0.999999881 0.000342479 0.000326074 -0.000032054 -0.000342510 0.999999940 0.000093173 -0.000008496 -0.000326042 -0.000093285 0.999999940 0.000130215
0.999999642 0.000285225 0.000814323 0.000072546 -0.000285441 0.999999940 0.000265051 -0.000049825 -0.000814247 -0.000265284 0.999999642 0.000696951
0.999999702 0.000279865 0.000681887 -0.000304490 -0.000280246 0.999999821 0.000559087 -0.000825792 -0.000681731 -0.000559278 0.999999583 0.000618853
0.999999940 0.000152647 0.000297102 -0.000024385 -0.000152732 0.999999940 0.000287284 -0.000359921 -0.000297058 -0.000287329 0.999999940 0.000411711
1.000000000 0.000134010 0.000144687 -0.000266984 -0.000133957 0.999999940 -0.000369551 0.000717740 -0.000144736 0.000369531 0.999999940 0.000167439
1.000000000 -0.000047373 0.000203001 -0.000216545 0.000047352 1.000000000 0.000099403 -0.000128981 -0.000203005 -0.000099394 1.000000000 0.000112413
0.999999821 0.000211871 0.000525922 0.000092143 -0.000211898 1.000000000 0.000050794 -0.000035293 -0.000525911 -0.000050906 0.999999881 0.000586505
0.999997556 0.000278203 0.002195960 0.000253478 -0.000278602 0.999999940 0.000181671 0.000145453 -0.002195910 -0.000182282 0.999997556 0.000725835
0.999999166 -0.000118214 0.001287288 -0.001077067 0.000118585 0.999999940 -0.000288582 0.000468199 -0.001287254 0.000288735 0.999999106 0.000206862
0.999999702 -0.000587296 0.000513699 0.000375292 0.000587329 0.999999821 -0.000063496 -0.000634189 -0.000513661 0.000063798 0.999999881 0.000370918
0.999999940 -0.000251644 0.000196758 -0.000270971 0.000251714 0.999999881 -0.000353695 0.000373573 -0.000196669 0.000353745 0.999999940 0.000124985
0.999999583 -0.000549755 -0.000714223 -0.000480983 0.000549177 0.999999523 -0.000810205 0.001190948 0.000714668 0.000809812 0.999999404 0.000591471
0.999999762 -0.000496116 -0.000532972 -0.000310192 0.000496263 0.999999821 0.000276038 -0.000009847 0.000532835 -0.000276302 0.999999821 -0.000238421
0.999999583 -0.000740830 -0.000481585 -0.000047277 0.000741001 0.999999642 0.000354913 0.000725391 0.000481322 -0.000355270 0.999999821 0.001199496
0.999999881 -0.000480700 -0.000246647 -0.000220971 0.000480822 0.999999762 0.000495383 0.000048065 0.000246409 -0.000495502 0.999999821 0.000484797
0.999999940 -0.000320007 -0.000245370 0.000122334 0.000320215 0.999999583 0.000847239 -0.000236795 0.000245099 -0.000847317 0.999999583 0.000134000
0.999999821 -0.000578106 0.000174038 -0.000414045 0.000577925 0.999999285 0.001038706 -0.000814022 -0.000174639 -0.001038605 0.999999464 0.000099250
1.000000000 -0.000167438 0.000014816 -0.000456512 0.000167436 1.000000000 0.000177036 0.000728037 -0.000014846 -0.000177033 1.000000000 0.000300463
0.999999762 -0.000393152 -0.000568596 0.000509533 0.000393622 0.999999583 0.000825832 -0.000434193 0.000568271 -0.000826056 0.999999523 0.000302988
1.000000000 -0.000165164 -0.000063202 -0.000729680 0.000165172 1.000000000 0.000128382 0.000563974 0.000063181 -0.000128393 1.000000000 0.000353521
0.999999940 0.000389243 -0.000103872 -0.000134899 -0.000389215 0.999999881 0.000270833 -0.000017391 0.000103978 -0.000270793 0.999999940 0.000192297
1.000000000 0.000009932 -0.000179309 0.000026418 -0.000009915 1.000000000 0.000091395 -0.000231826 0.000179310 -0.000091394 1.000000000 -0.000308186
1.000000000 0.000055577 0.000096991 -0.000163812 -0.000055603 0.999999940 0.000262380 -0.000461966 -0.000096977 -0.000262385 0.999999940 0.000064082
1.000000000 0.000041873 0.000138746 0.000008926 -0.000041870 1.000000000 -0.000021783 -0.000002885 -0.000138747 0.000021777 1.000000000 0.000171333
0.999999940 0.000247002 0.000164549 -0.000006327 -0.000246958 0.999999940 -0.000263854 0.000462445 -0.000164614 0.000263813 0.999999940 0.000091162
1.000000000 0.000159926 0.000139772 0.000004908 -0.000159922 1.000000000 -0.000028737 0.000008482 -0.000139776 0.000028715 1.000000000 0.000059463
1.000000000 0.000115885 0.000019739 -0.000011747 -0.000115885 1.000000000 0.000032533 0.000004814 -0.000019735 -0.000032536 1.000000000 -0.000081940
0.999999940 0.000204397 0.000211621 -0.000096308 -0.000204364 0.999999940 -0.000153911 0.000222746 -0.000211653 0.000153868 0.999999940 0.000208939
1.000000000 0.000041418 0.000082882 -0.000031003 -0.000041413 1.000000000 -0.000068638 -0.000011891 -0.000082884 0.000068635 1.000000000 0.000043047
1.000000000 0.000028481 0.000047994 -0.000100802 -0.000028493 0.999999940 0.000269160 -0.000552103 -0.000047987 -0.000269162 0.999999940 -0.000025001
1.000000000 0.000060017 0.000203591 -0.000271552 -0.000060053 1.000000000 0.000179623 -0.000315294 -0.000203581 -0.000179635 0.999999940 0.000078612
1.000000000 0.000168310 0.000127128 -0.000247783 -0.000168299 1.000000000 -0.000084726 0.000187911 -0.000127143 0.000084704 1.000000000 0.000008625
1.000000000 0.000026001 0.000034328 0.000045108 -0.000025993 1.000000000 -0.000208021 0.000325505 -0.000034333 0.000208020 1.000000000 0.000130273
1.000000000 0.000146321 0.000106794 -0.000126774 -0.000146326 1.000000000 0.000046727 -0.000047232 -0.000106787 -0.000046742 1.000000000 0.000300557
1.000000000 -0.000106703 0.000032549 -0.000006130 0.000106703 1.000000000 -0.000014373 -0.000030860 -0.000032548 0.000014376 1.000000000 0.000154411
1.000000000 0.000050171 0.000114577 -0.000269281 -0.000050208 0.999999940 0.000319502 -0.000594709 -0.000114561 -0.000319508 0.999999940 0.000247998
1.000000000 0.000137637 -0.000001750 0.000081253 -0.000137637 1.000000000 -0.000022643 0.000013688 0.000001747 0.000022644 1.000000000 0.000196339
1.000000000 0.000114889 0.000079003 -0.000070651 -0.000114884 1.000000000 -0.000062122 0.000167645 -0.000079010 0.000062113 1.000000000 0.000236033
1.000000000 0.000051997 0.000051038 -0.000050281 -0.000051995 1.000000000 -0.000042127 0.000011641 -0.000051040 0.000042125 1.000000000 -0.000023031
0.999999940 0.000240502 0.000298140 -0.000383179 -0.000240495 1.000000000 -0.000022507 0.000149556 -0.000298145 0.000022435 0.999999940 0.000614833
1.000000000 0.000150004 0.000119067 -0.000228174 -0.000150001 1.000000000 -0.000026504 0.000171812 -0.000119071 0.000026486 1.000000000 0.000192536
1.000000000 0.000069287 0.000038739 -0.000025164 -0.000069287 1.000000000 -0.000002387 0.000004900 -0.000038739 0.000002384 1.000000000 0.000008579
1.000000000 0.000039441 0.000140417 -0.000350049 -0.000039448 1.000000000 0.000045605 -0.000033367 -0.000140415 -0.000045611 1.000000000 0.000091023
1.000000000 0.000087116 -0.000049970 -0.000043162 -0.000087116 1.000000000 -0.000004139 -0.000004549 0.000049969 0.000004143 1.000000000 -0.000044427
0.999999940 0.000365443 -0.000056489 -0.000141969 -0.000365459 0.999999881 -0.000296452 0.000055852 0.000056381 0.000296473 0.999999940 -0.000065946
0.999999821 0.000451260 0.000424343 -0.001034686 -0.000451282 0.999999881 0.000052004 -0.001089301 -0.000424320 -0.000052196 0.999999881 -0.000225922
0.999999881 0.000316518 0.000322789 -0.000601155 -0.000316082 0.999999046 -0.001348175 -0.000831592 -0.000323216 0.001348073 0.999999046 -0.000138804
0.999999940 0.000126544 0.000251097 -0.000226610 -0.000126136 0.999998689 -0.001623947 -0.000743973 -0.000251302 0.001623915 0.999998629 -0.000140326
0.999999940 0.000151112 0.000391639 -0.000865830 -0.000150678 0.999999404 -0.001107513 -0.000890151 -0.000391806 0.001107454 0.999999285 -0.000417388
1.000000000 -0.000045790 0.000149739 -0.000048257 0.000045913 0.999999642 -0.000819878 0.000084081 -0.000149702 0.000819885 0.999999642 -0.000017029
0.999999881 -0.000439797 0.000095468 -0.000233252 0.000439877 0.999999523 -0.000839556 -0.000353834 -0.000095099 0.000839598 0.999999642 0.000069179
1.000000000 0.000052296 0.000011740 -0.000015857 -0.000052289 0.999999821 -0.000605066 -0.000530359 -0.000011772 0.000605066 0.999999821 -0.000095437
1.000000000 0.000068775 0.000129065 -0.000463354 -0.000068724 0.999999940 -0.000390507 -0.000493511 -0.000129091 0.000390499 0.999999940 -0.000434022
0.999999762 0.000450031 0.000465427 -0.001330043 -0.000449797 0.999999762 -0.000502250 0.000005560 -0.000465653 0.000502040 0.999999762 -0.000158589
1.000000000 0.000143706 0.000103183 -0.000585497 -0.000143681 0.999999940 -0.000248671 -0.000537171 -0.000103219 0.000248656 0.999999940 -0.000304788
1.000000000 0.000115631 -0.000012448 -0.000290129 -0.000115629 1.000000000 0.000174333 -0.001351292 0.000012468 -0.000174331 1.000000000 -0.000316741
0.999999881 0.000338762 0.000373602 -0.001027992 -0.000338796 0.999999940 0.000092933 -0.001175778 -0.000373570 -0.000093060 0.999999940 -0.000388169
1.000000000 0.000038896 -0.000075743 -0.000045493 -0.000038980 0.999999404 -0.001106533 -0.000683176 0.000075700 0.001106536 0.999999404 0.000059615
0.999999940 0.000206581 0.000134441 -0.000141327 -0.000206519 0.999999881 -0.000460647 -0.001737620 -0.000134536 0.000460619 0.999999881 -0.000068048
0.999999940 -0.000079757 0.000353958 -0.000531527 0.000079893 0.999999940 -0.000384570 -0.001014191 -0.000353927 0.000384598 0.999999881 0.000041107
1.000000000 -0.000076886 0.000118734 -0.000163617 0.000076901 1.000000000 -0.000128788 -0.001197309 -0.000118724 0.000128797 1.000000000 -0.000078425
0.999999940 0.000287729 0.000308147 -0.000619462 -0.000287438 0.999999523 -0.000943024 0.000056122 -0.000308418 0.000942935 0.999999523 0.000171292
1.000000000 0.000063409 -0.000086122 -0.000479880 -0.000063485 0.999999583 -0.000880384 -0.001704969 0.000086067 0.000880389 0.999999583 -0.000714887
1.000000000 -0.000029409 0.000007046 -0.000372795 0.000029413 0.999999821 -0.000609419 -0.001328307 -0.000007029 0.000609419 0.999999821 -0.000445163
1.000000000 0.000001500 0.000062239 -0.000469257 -0.000001468 0.999999881 -0.000516621 -0.001973682 -0.000062240 0.000516621 0.999999881 -0.000652803
0.999999940 0.000058920 -0.000373307 0.000521640 -0.000059520 0.999998689 -0.001605665 -0.001462007 0.000373212 0.001605688 0.999998629 -0.000704255
1.000000000 0.000004048 -0.000231190 0.000259114 -0.000004506 0.999998033 -0.001980181 -0.001821322 0.000231181 0.001980182 0.999998033 -0.000518780
1.000000000 -0.000112030 -0.000072069 -0.000061969 0.000111853 0.999996960 -0.002460128 -0.001109945 0.000072344 0.002460120 0.999996960 -0.000108613
1.000000000 -0.000027075 0.000068535 -0.000418414 0.000027221 0.999997735 -0.002125242 -0.000910488 -0.000068477 0.002125243 0.999997735 -0.000419638
0.999999881 -0.000183173 -0.000433678 0.000621145 0.000182326 0.999998093 -0.001952312 -0.001846074 0.000434035 0.001952233 0.999997973 -0.000617815
0.999999940 -0.000040836 -0.000265616 0.000223007 0.000040113 0.999996305 -0.002720939 -0.000345392 0.000265726 0.002720928 0.999996245 -0.000210937
0.999999881 -0.000387977 -0.000291545 0.000024752 0.000387275 0.999997020 -0.002402854 -0.000775619 0.000292477 0.002402741 0.999997079 -0.000343860
1.000000000 -0.000073567 -0.000131467 0.000276133 0.000073326 0.999998331 -0.001832667 -0.001536212 0.000131602 0.001832657 0.999998331 -0.000376911
0.999999940 -0.000358163 0.000080975 -0.000056741 0.000358295 0.999998629 -0.001634750 -0.001566536 -0.000080390 0.001634779 0.999998689 -0.000517568
0.999999940 0.000344777 0.000062148 0.000125279 -0.000344664 0.999998331 -0.001802394 -0.001007417 -0.000062769 0.001802373 0.999998391 -0.000299662
0.999999940 -0.000107061 -0.000383552 0.000798428 0.000106387 0.999998450 -0.001757370 -0.001751297 0.000383739 0.001757329 0.999998391 -0.001017072
0.999999821 -0.000475255 -0.000287108 0.000066057 0.000474661 0.999997735 -0.002064684 -0.002193387 0.000288088 0.002064548 0.999997854 -0.000811831
0.999999881 -0.000391561 -0.000228151 0.000067702 0.000391174 0.999998510 -0.001696777 -0.001975579 0.000228815 0.001696687 0.999998510 -0.000726559
1.000000000 0.000149273 0.000044119 -0.000525836 -0.000149185 0.999998033 -0.001987592 -0.002514525 -0.000044416 0.001987586 0.999998033 -0.000723156
0.999999821 -0.000468591 -0.000339137 -0.000093791 0.000467919 0.999997914 -0.001979954 -0.001997779 0.000340064 0.001979795 0.999997973 -0.001182783
0.999999642 -0.000761432 -0.000293470 -0.000309797 0.000760747 0.999997020 -0.002328615 -0.001637933 0.000295242 0.002328391 0.999997258 -0.000465942
0.999999583 -0.000788656 -0.000486682 -0.000185245 0.000787727 0.999997854 -0.001906470 -0.002638164 0.000488184 0.001906086 0.999998093 -0.000856878
0.999999344 -0.000877787 -0.000722479 0.000236677 0.000875961 0.999996424 -0.002524211 -0.001995336 0.000724692 0.002523576 0.999996543 -0.000850193
1.000000000 -0.000069150 -0.000215886 -0.000327472 0.000068625 0.999997020 -0.002429688 -0.002393824 0.000216053 0.002429673 0.999997020 -0.000694057
0.999999285 -0.001192643 -0.000198531 -0.001085735 0.001192179 0.999996603 -0.002323499 -0.001054806 0.000201302 0.002323261 0.999997258 -0.000861151
0.999999940 -0.000225425 -0.000188252 -0.000173250 0.000225104 0.999998510 -0.001704287 -0.002815668 0.000188636 0.001704245 0.999998510 -0.001083131
0.999999523 -0.000928230 -0.000354640 -0.000481640 0.000927153 0.999994993 -0.003023785 -0.001581724 0.000357445 0.003023455 0.999995351 -0.000490421
0.999999166 -0.001147730 -0.000598500 -0.000486914 0.001146805 0.999998152 -0.001542272 -0.003479609 0.000600269 0.001541585 0.999998629 -0.000592410
0.999999821 -0.000575892 -0.000240400 -0.000682379 0.000575355 0.999997377 -0.002229470 -0.002565588 0.000241683 0.002229331 0.999997497 -0.000689322
0.999999642 -0.000521646 -0.000635755 0.000605218 0.000519238 0.999992728 -0.003782896 -0.001153495 0.000637724 0.003782565 0.999992669 -0.000684658
0.999998868 -0.001276424 -0.000788683 0.000192987 0.001274025 0.999994576 -0.003035616 -0.001479670 0.000792553 0.003034608 0.999995053 -0.000642693
0.999998808 -0.001219950 -0.000973732 0.000105381 0.001217245 0.999995410 -0.002773943 -0.002157622 0.000977112 0.002772754 0.999995649 -0.000971630
0.999999821 -0.000641170 -0.000038749 -0.000136866 0.000641023 0.999993026 -0.003679232 -0.002706413 0.000041107 0.003679206 0.999993205 -0.001047420
0.999998212 -0.001394946 0.001298824 0.000164074 0.001400469 0.999989927 -0.004260503 -0.003484788 -0.001292867 0.004262314 0.999990106 -0.000772309
0.999991536 -0.001593104 0.003798019 -0.000212579 0.001615237 0.999981701 -0.005831724 -0.004101915 -0.003788659 0.005837809 0.999975801 -0.001031372
0.999985754 -0.000938791 0.005251766 0.000101650 0.000968698 0.999983311 -0.005695053 -0.006346065 -0.005246332 0.005700060 0.999970019 -0.000813830
0.999973059 -0.002927100 0.006731936 -0.001643431 0.002985415 0.999957979 -0.008668858 -0.008237351 -0.006706279 0.008688722 0.999939740 0.000212151
0.999961376 -0.004552219 0.007516031 -0.001231216 0.004659830 0.999885976 -0.014362697 -0.009190669 -0.007449792 0.014397166 0.999868631 0.003115518
0.999937654 -0.007526057 0.008250622 -0.001771910 0.007723658 0.999677658 -0.024185395 -0.014171449 -0.008065942 0.024247613 0.999673426 0.005985823
0.999909282 -0.010603241 0.008310084 -0.001408528 0.010881358 0.999356806 -0.034169216 -0.021000601 -0.007942435 0.034256537 0.999381483 0.010183314
0.999904811 -0.009204631 0.010280734 -0.004114731 0.009598337 0.999195993 -0.038926601 -0.029146181 -0.009914164 0.039021570 0.999189198 0.012933842
0.999854088 -0.013900927 0.009928566 -0.006930632 0.014323071 0.998937905 -0.043794595 -0.041236520 -0.009309235 0.043930411 0.998991191 0.016595965
0.999800503 -0.018078802 0.008490921 -0.007682824 0.018492730 0.998501480 -0.051505569 -0.056969460 -0.007547038 0.051652312 0.998636603 0.019192429
0.999764621 -0.020146826 0.008048607 -0.010977802 0.020579368 0.998112321 -0.057864491 -0.073775508 -0.006867628 0.058016505 0.998292029 0.022224102
0.999729872 -0.022381764 0.006260586 -0.011896246 0.022747409 0.997547746 -0.066189937 -0.091696262 -0.004763786 0.066314474 0.997787416 0.024189709
0.999712586 -0.023179751 0.006114413 -0.014039545 0.023538748 0.997459173 -0.067239188 -0.113518000 -0.004540290 0.067363791 0.997718155 0.024796404
0.999732316 -0.022285376 0.006219410 -0.014772633 0.022666061 0.997294486 -0.069928028 -0.131933987 -0.004644211 0.070050277 0.997532666 0.026459303
0.999762774 -0.020628458 0.006992051 -0.015476162 0.021076284 0.997214198 -0.071551733 -0.147538647 -0.005496571 0.071682125 0.997412384 0.026077595
0.999783933 -0.019615971 0.006880397 -0.016542343 0.020045260 0.997403800 -0.069165096 -0.161718652 -0.005505793 0.069288068 0.997581482 0.029839888
0.999797165 -0.018660842 0.007575256 -0.019037561 0.019142542 0.997399509 -0.069482066 -0.168789059 -0.006258963 0.069612980 0.997554421 0.034679689
0.999819875 -0.017415095 0.007543819 -0.019354910 0.017896840 0.997430921 -0.069363162 -0.168528408 -0.006316472 0.069485679 0.997562945 0.040467799
0.999847949 -0.015402820 0.008178429 -0.021145975 0.015923051 0.997565091 -0.067899793 -0.166479647 -0.007112666 0.068019696 0.997658610 0.047263194
0.999858975 -0.014613356 0.008272015 -0.023401979 0.015139571 0.997597635 -0.067600034 -0.161009789 -0.007264278 0.067715734 0.997678220 0.053235430
0.999857783 -0.015299793 0.007090562 -0.021906063 0.015725404 0.997796059 -0.064465322 -0.159737244 -0.006088628 0.064567655 0.997894764 0.059398543
0.999840736 -0.016419990 0.006991369 -0.023681946 0.016826170 0.997892916 -0.062662587 -0.156660393 -0.005947718 0.062770247 0.998010278 0.065144353
0.999810100 -0.018668348 0.005591734 -0.024315847 0.018977154 0.997926414 -0.061503839 -0.157820165 -0.004431965 0.061598275 0.998091161 0.069411360
0.999807179 -0.018844252 0.005520483 -0.026455589 0.019134726 0.998109758 -0.058401477 -0.159047976 -0.004409516 0.058495849 0.998277903 0.072630815
0.999800622 -0.019511923 0.004236623 -0.026053753 0.019721914 0.998177588 -0.057030868 -0.161220059 -0.003116120 0.057103053 0.998363435 0.074828245
0.999832869 -0.017747140 0.004394059 -0.025917938 0.017971393 0.998169601 -0.057744697 -0.161836863 -0.003361212 0.057814013 0.998321712 0.077884652
0.999832988 -0.017610068 0.004890705 -0.026731310 0.017854925 0.998293400 -0.055601411 -0.166216180 -0.003903214 0.055679444 0.998441041 0.079675399
0.999846697 -0.017014524 0.004140194 -0.026627451 0.017213529 0.998390138 -0.054044992 -0.171402946 -0.003213979 0.054107971 0.998529911 0.079728246
0.999836862 -0.017411457 0.004799262 -0.027645383 0.017654162 0.998258352 -0.056289963 -0.172352210 -0.003810813 0.056365509 0.998402953 0.079777673
0.999830186 -0.017917292 0.004307058 -0.026676193 0.018129839 0.998277366 -0.055800099 -0.177728891 -0.003299852 0.055868708 0.998432696 0.079402767
0.999813318 -0.018879097 0.004116805 -0.026149934 0.019077066 0.998304129 -0.054999910 -0.184150234 -0.003071474 0.055068180 0.998477876 0.077729888
0.999817848 -0.018725736 0.003696764 -0.025250992 0.018895548 0.998413622 -0.053040095 -0.191765383 -0.002697685 0.053100284 0.998585522 0.077087231
0.999812543 -0.018953478 0.003947861 -0.024406657 0.019131996 0.998485506 -0.051581435 -0.197631344 -0.002964235 0.051647298 0.998660982 0.074316680
0.999828637 -0.017964222 0.004470517 -0.024577392 0.018152276 0.998760223 -0.046351701 -0.203523338 -0.003632303 0.046424907 0.998915195 0.072696880
0.999823809 -0.018294610 0.004207942 -0.022913085 0.018426862 0.999255538 -0.033894137 -0.211070448 -0.003584730 0.033965703 0.999416590 0.070085473
0.999833465 -0.017852990 0.003782332 -0.021928558 0.017923217 0.999650598 -0.019427015 -0.216442466 -0.003434181 0.019491572 0.999804139 0.068554357
0.999913454 -0.011262211 0.006801396 -0.022326699 0.011300211 0.999920607 -0.005574676 -0.222507805 -0.006738073 0.005651050 0.999961317 0.067153044
0.999953210 -0.005573095 0.007907078 -0.019656919 0.005556216 0.999982238 0.002154979 -0.230907768 -0.007918946 -0.002110945 0.999966443 0.065990120
0.999922395 0.003285208 0.012019188 -0.020176554 -0.003349175 0.999980330 0.005305848 -0.239609003 -0.012001521 -0.005345691 0.999913692 0.066285640
0.999798417 0.013232472 0.015102041 -0.019005019 -0.013250309 0.999911606 0.001081619 -0.244090155 -0.015086394 -0.001281507 0.999885380 0.067138679
0.999669075 0.019798508 0.016424237 -0.017135436 -0.019791527 0.999803960 -0.000587588 -0.258545965 -0.016432650 0.000262332 0.999864936 0.071496435
0.999517202 0.024460169 0.019159745 -0.018199407 -0.024339093 0.999682426 -0.006527173 -0.268375933 -0.019313317 0.006057691 0.999795139 0.073547184
0.999290049 0.028709099 0.024395406 -0.022032900 -0.028384347 0.999505162 -0.013555735 -0.276039869 -0.024772506 0.012853663 0.999610484 0.076827504
0.999357641 0.022953248 0.027521292 -0.022646353 -0.022509739 0.999613464 -0.016318098 -0.288295358 -0.027885208 0.015688118 0.999487996 0.081620507
0.999409318 0.010416185 0.032750156 -0.023816114 -0.009819219 0.999783576 -0.018336225 -0.304756403 -0.032934058 0.018003814 0.999295473 0.086981200
0.999142528 -0.001245938 0.041383408 -0.027534600 0.002117479 0.999776721 -0.021023002 -0.317131400 -0.041347973 0.021092605 0.998922169 0.093273312
0.998428285 -0.015137059 0.053961381 -0.030652754 0.016481662 0.999562442 -0.024560530 -0.329932094 -0.053565998 0.025411300 0.998241007 0.100030161
0.997071326 -0.026033204 0.071910195 -0.034912381 0.028027086 0.999246240 -0.026858808 -0.341648400 -0.071156777 0.028795578 0.997049391 0.107078552
0.995117784 -0.037391581 0.091337547 -0.038228154 0.040231567 0.998756230 -0.029452026 -0.351328135 -0.090122685 0.032982886 0.995384336 0.114393614
0.992516458 -0.048433416 0.112095267 -0.039641526 0.051994383 0.998224378 -0.029063359 -0.361382663 -0.110488586 0.034674186 0.993272364 0.122200571
0.989106774 -0.059496395 0.134640232 -0.042796407 0.063627496 0.997619510 -0.026586575 -0.372162133 -0.132737905 0.034863785 0.990537822 0.130068257
0.985065460 -0.068782724 0.157844692 -0.046008535 0.073909417 0.996903837 -0.026835522 -0.380503923 -0.155510157 0.038100950 0.987099290 0.139810413
0.980697930 -0.077428304 0.179545075 -0.047869720 0.083427988 0.996172011 -0.026097909 -0.389060438 -0.176837072 0.040573247 0.983403504 0.147707999
0.976459086 -0.083684392 0.198807746 -0.051867373 0.090486228 0.995574772 -0.025361411 -0.397504687 -0.195805609 0.042753749 0.979710281 0.158371270
0.972954571 -0.092184827 0.211805061 -0.048362266 0.099242009 0.994799495 -0.022910440 -0.410316855 -0.208591580 0.043310773 0.977043331 0.163455337
0.968809485 -0.095236242 0.228775278 -0.057143327 0.102798238 0.994473219 -0.021339836 -0.416920871 -0.225478575 0.044191930 0.973245323 0.174316943
0.965727329 -0.099690400 0.239650875 -0.057713859 0.107666314 0.993977904 -0.020388983 -0.425287694 -0.236175090 0.045492522 0.970645010 0.180202290
0.962775111 -0.101640590 0.250466257 -0.061928432 0.110513337 0.993640363 -0.021580925 -0.430511534 -0.246679902 0.048457444 0.967884839 0.190614700
0.959814787 -0.104434296 0.260478407 -0.067451179 0.113335602 0.993368387 -0.019346884 -0.440648258 -0.256730527 0.048090898 0.965285838 0.199882701
0.956639230 -0.109520286 0.269901514 -0.069686115 0.118315205 0.992839277 -0.016483353 -0.449651837 -0.266163588 0.047702067 0.962746859 0.208592623
0.953058839 -0.114243463 0.280405223 -0.071622312 0.122738719 0.992355704 -0.012863846 -0.456785947 -0.276792049 0.046676584 0.959795594 0.217048183
0.948454916 -0.119240560 0.293623269 -0.076266870 0.127398401 0.991813064 -0.008743593 -0.463338643 -0.290176749 0.045700032 0.955881298 0.226346239
0.943615079 -0.125474945 0.306343615 -0.075948954 0.132798105 0.991138339 -0.003092213 -0.472300649 -0.303240895 0.043599706 0.951916039 0.235961139
0.937558055 -0.129781038 0.322709918 -0.077955417 0.137553811 0.990493596 -0.001293473 -0.474982768 -0.319474161 0.045602679 0.946497083 0.245231673
0.930555999 -0.136453524 0.339773238 -0.076733202 0.144054338 0.989565670 0.002881609 -0.481779456 -0.336621106 0.046264306 0.940503001 0.253620148
0.921967983 -0.143078700 0.359865993 -0.077278383 0.150149018 0.988627791 0.008389249 -0.488775581 -0.356973827 0.046298902 0.932966352 0.263200283
0.911888123 -0.148697019 0.382556140 -0.080036625 0.156458676 0.987623990 0.010936800 -0.488508970 -0.379447907 0.049881089 0.923867583 0.274659574
0.900589108 -0.158814743 0.404619485 -0.077571549 0.166240484 0.985939085 0.016972182 -0.495405942 -0.401625633 0.051979169 0.914327741 0.284453481
0.887544215 -0.167435795 0.429220766 -0.077920467 0.174888983 0.984334588 0.022345440 -0.497641146 -0.426238298 0.055233419 0.902923226 0.295554608
0.872768998 -0.177146435 0.454855442 -0.080649734 0.184883684 0.982366025 0.027837193 -0.498201668 -0.451765805 0.059799917 0.890130162 0.308975339
0.857425630 -0.187231824 0.479338706 -0.079388954 0.194303006 0.980304480 0.035348352 -0.500413656 -0.476516187 0.062828362 0.876917899 0.322250307
0.841240883 -0.197043538 0.503475308 -0.076690622 0.204625055 0.977987647 0.040850386 -0.502289474 -0.500441909 0.068658635 0.863043427 0.333276540
0.823751032 -0.206275895 0.528095007 -0.076969951 0.212298781 0.975922644 0.050043993 -0.507102132 -0.525702775 0.070890129 0.847709477 0.347411543
0.806298792 -0.215334460 0.550920308 -0.075064912 0.222650155 0.973368526 0.054594509 -0.502693236 -0.548004508 0.078643002 0.832770288 0.360778511
