1.000000000 0.000000000 0.000000000 0.000000000 0.000000000 1.000000000 0.000000000 0.000000000 0.000000000 0.000000000 1.000000000 0.000000000
0.999941587 0.004601082 0.009780575 0.000273634 -0.004616594 0.999988139 0.001564158 0.033556204 -0.009773262 -0.001609220 0.999950945 0.013091980
0.999916196 0.005754239 0.011597378 0.000362293 -0.005890052 0.999914050 0.011710742 0.055244122 -0.011528994 -0.011778070 0.999864161 0.019592457
0.999915242 0.005612979 0.011742828 -0.000451251 -0.005894628 0.999692380 0.024089308 0.079749465 -0.011604005 -0.024156488 0.999640822 0.027107347
0.999934018 0.002088850 0.011296373 -0.000725512 -0.002472287 0.999417543 0.034036603 0.105291680 -0.011218696 -0.034062292 0.999356747 0.034277078
0.999928236 0.000689027 0.011960249 -0.001705127 -0.001181016 0.999151170 0.041177128 0.131668165 -0.011921724 -0.041188292 0.999080241 0.041398942
0.999927819 -0.004162977 0.011271873 -0.002669015 0.003636750 0.998920500 0.046309516 0.156759545 -0.011452490 -0.046265170 0.998863518 0.048764862
0.999923229 -0.006220979 0.010712998 -0.003645791 0.005678426 0.998735428 0.049950827 0.181597561 -0.011010196 -0.049886156 0.998694181 0.054888170
0.999932170 -0.006868304 0.009407099 -0.003729379 0.006345735 0.998493969 0.054496497 0.204409614 -0.009767229 -0.054433111 0.998469532 0.061198585
0.999944329 -0.005272856 0.009142668 -0.004377153 0.004718343 0.998208523 0.059646394 0.225755483 -0.009440795 -0.059599932 0.998177588 0.066013522
0.999952316 -0.000491970 0.009758035 -0.005156173 -0.000167710 0.997720301 0.067487948 0.245591685 -0.009768992 -0.067486376 0.997672260 0.070136733
0.999971151 0.000344657 0.007585743 -0.006035798 -0.000940650 0.996897519 0.078704894 0.263505578 -0.007535080 -0.078709751 0.996869028 0.072882675
0.999955773 0.004445243 0.008282279 -0.006858917 -0.005200753 0.995600641 0.093553632 0.280116856 -0.007829975 -0.093592562 0.995579660 0.075245082
0.999962389 0.004996734 0.007085280 -0.007639344 -0.005751712 0.993816555 0.110886231 0.292486668 -0.006487400 -0.110922813 0.993807852 0.076583013
0.999975920 0.003745960 0.005849808 -0.008221485 -0.004462401 0.991802394 0.127703443 0.299243987 -0.005323481 -0.127726480 0.991795182 0.076920576
0.999983490 0.002992709 0.004896988 -0.009474561 -0.003655431 0.989935696 0.141471133 0.297620326 -0.004424321 -0.141486734 0.989930332 0.075452067
0.999996960 0.001909254 0.001534050 -0.010020756 -0.002113191 0.989232421 0.146337613 0.287376642 -0.001238136 -0.146340460 0.989233553 0.071876287
0.999997497 0.002132213 0.000832792 -0.010849103 -0.002229803 0.989605725 0.143788621 0.269268543 -0.000517549 -0.143790111 0.989607990 0.066946343
0.999981761 0.004844840 0.003586534 -0.011733536 -0.005287939 0.990679622 0.136108339 0.244319990 -0.002893684 -0.136124820 0.990687430 0.061173242
0.999898076 0.011253891 0.008776286 -0.012226192 -0.012264912 0.992049158 0.125252202 0.213451758 -0.007296935 -0.125347108 0.992086112 0.054562114
0.999732018 0.017063769 0.015638191 -0.011977654 -0.018715039 0.993489325 0.112375587 0.178388283 -0.013618830 -0.112638131 0.993542910 0.048376009
0.999358833 0.024546904 0.026061241 -0.012494405 -0.026980903 0.994862676 0.097570434 0.139631271 -0.023532311 -0.098211043 0.994887412 0.039902527
0.998832822 0.031316396 0.036772683 -0.012627562 -0.034246843 0.996046126 0.081970870 0.100405112 -0.034060251 -0.083134547 0.995956063 0.032310922
0.998548150 0.035090134 0.040869862 -0.013784293 -0.037772082 0.997050405 0.066812232 0.061975844 -0.038404856 -0.068258978 0.996928155 0.024079774
0.998408437 0.038345598 0.041354157 -0.015886623 -0.040505249 0.997787714 0.052715573 0.026534148 -0.039241254 -0.054306738 0.997752905 0.015977714
0.998500049 0.037863091 0.039546292 -0.017783670 -0.039432973 0.998433113 0.039701890 -0.008058616 -0.037981089 -0.041201767 0.998428702 0.007968177
0.998540998 0.035898313 0.040336214 -0.018711621 -0.036988594 0.998961091 0.026616663 -0.039723039 -0.039338809 -0.028069813 0.998831630 0.000642835
0.998713732 0.030032231 0.040848885 -0.018933313 -0.030494634 0.999477327 0.010744346 -0.067465223 -0.040504854 -0.011976197 0.999107599 -0.004678078
0.998782635 0.026520686 0.041590583 -0.018826311 -0.026330980 0.999640286 -0.005102454 -0.093853429 -0.041710950 0.004001126 0.999121785 -0.011623842
0.998902082 0.021998655 0.041357659 -0.018211881 -0.021075951 0.999521911 -0.022615600 -0.115816548 -0.041835401 0.021719120 0.998888373 -0.017948154
0.998887599 0.023970338 0.040606868 -0.017659843 -0.022447648 0.999042511 -0.037548259 -0.131612062 -0.041468039 0.036594968 0.998469412 -0.024186738
0.998833299 0.024357174 0.041700635 -0.017390730 -0.022320863 0.998567879 -0.048619770 -0.139428794 -0.042825162 0.047632240 0.997946441 -0.027088387
0.998527348 0.029172748 0.045738872 -0.016240107 -0.026823523 0.998330057 -0.051160298 -0.139274567 -0.047154982 0.049858071 0.997642517 -0.028352730
0.998230517 0.034834694 0.048193075 -0.015194556 -0.032587923 0.998379707 -0.046645686 -0.129985973 -0.049739886 0.044992622 0.997748196 -0.027314970
0.997892261 0.040437661 0.050754201 -0.013448142 -0.038620029 0.998594403 -0.036296677 -0.113372162 -0.052150622 0.034260027 0.998051405 -0.023738082
0.997910798 0.037596807 0.052540001 -0.012125660 -0.036403801 0.999061108 -0.023482321 -0.090559639 -0.053373538 0.021520603 0.998342693 -0.017928705
0.998097122 0.034962729 0.050792746 -0.010489699 -0.034478344 0.999351501 -0.010381930 -0.063896395 -0.051122792 0.008610924 0.998655260 -0.009273212
0.998313904 0.030050389 0.049660783 -0.008275743 -0.030082477 0.999547482 -0.000101300 -0.034462586 -0.049641360 -0.001392790 0.998766124 -0.000958200
0.998264730 0.033317748 0.048553314 -0.005715642 -0.033690467 0.999408662 0.006878433 -0.003573595 -0.048295427 -0.008502279 0.998796880 0.007148157
0.998502493 0.029929526 0.045792297 -0.003085559 -0.030411283 0.999488831 0.009860143 0.029613661 -0.045473784 -0.011237980 0.998902261 0.016731514
0.998765588 0.029560115 0.039917976 -0.001857880 -0.030097682 0.999463260 0.012933545 0.062490195 -0.039514232 -0.014119020 0.999119222 0.024065129
0.998881638 0.028505195 0.037722692 -0.000315685 -0.029196283 0.999413371 0.017897831 0.095347635 -0.037190389 -0.018979177 0.999127924 0.031462189
0.999120772 0.023920543 0.034429878 -0.000329781 -0.024866397 0.999317586 0.027310995 0.128248051 -0.033753090 -0.028143136 0.999033868 0.038980715
0.999021888 0.021235075 0.038787358 0.000614749 -0.022805547 0.998919070 0.040505953 0.160126880 -0.037885278 -0.041350901 0.998426139 0.046314269
0.998949945 0.017206205 0.042459842 0.001253891 -0.019595802 0.998209238 0.056520164 0.189582542 -0.041411307 -0.057292856 0.997498155 0.053433210
0.998772979 0.017594565 0.046290550 0.001016851 -0.020988004 0.997046769 0.073873520 0.215604007 -0.044854078 -0.074754424 0.996192694 0.059529196
0.998778462 0.018849714 0.045673583 0.000564751 -0.022954233 0.995579302 0.091076940 0.237198979 -0.043754905 -0.092014104 0.994795918 0.064111330
0.998965800 0.017349914 0.042028155 -0.000639986 -0.021723393 0.994134367 0.105947539 0.252427310 -0.039943453 -0.106750965 0.993483245 0.066581562
0.999094307 0.017796937 0.038651846 -0.001794913 -0.022228621 0.992831588 0.117436141 0.260860354 -0.036284775 -0.118188962 0.992328107 0.068169601
0.999201655 0.017333627 0.035995990 -0.003047106 -0.021691682 0.991989136 0.124446906 0.260495633 -0.033550523 -0.125128374 0.991573274 0.067898035
0.999280691 0.017973501 0.033393253 -0.004878798 -0.022063395 0.991727054 0.126454160 0.250713587 -0.030844178 -0.127100006 0.991410315 0.065121308
0.999342024 0.017477304 0.031784121 -0.007162473 -0.021213105 0.992391467 0.121281140 0.232769802 -0.029422630 -0.121875569 0.992109358 0.060745761
0.999377728 0.017262971 0.030760527 -0.009452382 -0.020504937 0.993895292 0.108404852 0.209028453 -0.028701361 -0.108968139 0.993630946 0.054055251
0.999375582 0.017008204 0.030969467 -0.011811435 -0.019826723 0.995459020 0.093103915 0.181484237 -0.029245300 -0.093659826 0.995174587 0.047490727
0.999202073 0.021284876 0.033794008 -0.013086739 -0.023946725 0.996473134 0.080423072 0.150809228 -0.031963021 -0.081168182 0.996187747 0.040290691
0.999066293 0.022013539 0.037173212 -0.014257496 -0.024585804 0.997228503 0.070220590 0.119077384 -0.035524379 -0.071068987 0.996838629 0.033073887
0.998720229 0.026593244 0.043017156 -0.014443561 -0.029321153 0.997514009 0.064079121 0.086070135 -0.041206144 -0.065258428 0.997017205 0.024714788
0.998470426 0.026748328 0.048388146 -0.014755736 -0.029594682 0.997813523 0.059096497 0.053704698 -0.046701614 -0.060438130 0.997078776 0.016346203
0.998371184 0.026032951 0.050765887 -0.014167833 -0.028795667 0.998100042 0.054471195 0.021693047 -0.049251392 -0.055844318 0.997223973 0.008359119
0.998247147 0.022081440 0.054904733 -0.013368624 -0.024715399 0.998552561 0.047766406 -0.010745568 -0.053770527 -0.049039684 0.997348428 0.001694020
0.997981846 0.017336499 0.061084628 -0.011588033 -0.019691991 0.999077022 0.038172513 -0.042359099 -0.060366482 -0.039298359 0.997402370 -0.005205926
0.997452021 0.012724495 0.070194930 -0.010146296 -0.014510340 0.999582469 0.024990348 -0.075254850 -0.069847651 -0.025945231 0.997220159 -0.012609407
0.997037411 0.008524572 0.076444283 -0.008477061 -0.009215531 0.999919713 0.008690554 -0.104909517 -0.076364063 -0.009369283 0.997035980 -0.019486370
0.996757567 0.008488054 0.080013163 -0.006949091 -0.007865248 0.999936342 -0.008095659 -0.130788758 -0.080076784 0.007440083 0.996760964 -0.026741475
0.996494114 0.008612987 0.083219804 -0.005093405 -0.006555151 0.999666691 -0.024969390 -0.150095716 -0.083407134 0.024336336 0.996218324 -0.031213058
0.996459424 0.011888217 0.083230205 -0.004559831 -0.008929081 0.999317706 -0.035836011 -0.161646679 -0.083599441 0.034965973 0.995885730 -0.035921164
0.996295393 0.013660875 0.084905252 -0.003640339 -0.010278898 0.999141097 -0.040142644 -0.168167889 -0.085380696 0.039121199 0.995580018 -0.038376834
0.995911002 0.018050333 0.088517673 -0.001871749 -0.014461930 0.999053895 -0.041013956 -0.165227473 -0.089174241 0.039566111 0.995229959 -0.036888123
0.995715380 0.022299258 0.089741968 -0.001908904 -0.018912511 0.999082863 -0.038413815 -0.155613482 -0.090516262 0.036551975 0.995223939 -0.035932198
0.995836258 0.023966586 0.087952621 -0.000390501 -0.020979470 0.999176502 -0.034731552 -0.137911648 -0.088712595 0.032741748 0.995519042 -0.029695965
0.996001124 0.023495901 0.086195908 -0.000264322 -0.020931723 0.999314606 -0.030532546 -0.116879560 -0.086854234 0.028606217 0.995810211 -0.023624729
0.996089339 0.024519686 0.084882356 0.000768351 -0.022411693 0.999418497 -0.025698805 -0.091598310 -0.085463129 0.023695946 0.996059477 -0.016221849
0.996498823 0.022761062 0.080450371 0.002906273 -0.021108987 0.999549687 -0.021326575 -0.061274771 -0.080899559 0.019553680 0.996530473 -0.005915598
0.996786952 0.026028680 0.075752705 0.005073364 -0.024980059 0.999579072 -0.014757513 -0.029453922 -0.076104939 0.012817788 0.997017443 0.002797074
0.996981084 0.027455444 0.072628260 0.007589743 -0.026906867 0.999601603 -0.008521006 0.004543925 -0.072833285 0.006541083 0.997322619 0.013066974
0.996918559 0.031007268 0.072055340 0.010089794 -0.031103166 0.999516189 0.000208966 0.038594212 -0.072014004 -0.002449470 0.997400641 0.022161987
0.996464908 0.033373173 0.077097192 0.012208127 -0.034333337 0.999348104 0.011161737 0.073146194 -0.076674424 -0.013769283 0.996961057 0.032474019
0.997008801 0.029491877 0.071440145 0.013066257 -0.031574611 0.999103487 0.028201543 0.106629401 -0.070544370 -0.030372880 0.997046113 0.040931195
0.997475743 0.020619895 0.067949355 0.013623519 -0.023984851 0.998506665 0.049083624 0.139743820 -0.066835791 -0.050589483 0.996480644 0.048793327
0.997883797 0.012296985 0.063848242 0.013860732 -0.016899917 0.997257113 0.072059892 0.169098362 -0.062786996 -0.072986446 0.995354593 0.055830166
0.997998178 0.006071713 0.062950402 0.014612959 -0.011911253 0.995612800 0.092808530 0.196440831 -0.062110715 -0.093372561 0.993692040 0.061377905
0.997999728 0.005083366 0.063013427 0.014905835 -0.011868631 0.994104147 0.107778534 0.220877469 -0.062094036 -0.108310834 0.992175937 0.066865772
0.997897327 0.010245293 0.064001262 0.015163206 -0.017786061 0.992807984 0.118389085 0.242286026 -0.062328033 -0.119278468 0.990902543 0.070901699
0.997976959 0.016756838 0.061328840 0.015283778 -0.024292678 0.991950512 0.124273911 0.259911567 -0.058752742 -0.125512317 0.990350783 0.074209280
0.998234153 0.020229904 0.055850722 0.014222555 -0.027224220 0.991469860 0.127461314 0.270834565 -0.052795772 -0.128756717 0.990269840 0.074643031
0.998553455 0.022734845 0.048723482 0.012529070 -0.028768513 0.991491675 0.126950860 0.276067287 -0.045422725 -0.128168911 0.990711629 0.073753662
0.998839021 0.022322530 0.042687949 0.011099350 -0.027603587 0.991463900 0.127425969 0.273517162 -0.039479084 -0.128456414 0.990928948 0.072398961
0.998969376 0.023531811 0.038811792 0.009679545 -0.028308764 0.991431475 0.127523378 0.263966739 -0.035478372 -0.128490642 0.991075873 0.069710001
0.998984754 0.025003208 0.037473619 0.008587439 -0.029591294 0.991414785 0.127361640 0.246578217 -0.033967443 -0.128341228 0.991148114 0.066315264
0.998987675 0.025229741 0.037243716 0.007246419 -0.029681733 0.991802752 0.124282889 0.224430278 -0.033802804 -0.125262544 0.991547585 0.061249532
0.998968542 0.025459463 0.037597805 0.006045938 -0.029804930 0.992332041 0.119952492 0.198495105 -0.034255587 -0.120949373 0.992067456 0.055755235
0.998803258 0.028254524 0.039921708 0.005239527 -0.032732945 0.992663920 0.116390809 0.169236779 -0.036340274 -0.117558286 0.992400825 0.050325740
0.998265982 0.034568630 0.047644753 0.005831253 -0.039740697 0.992882431 0.112272605 0.136249736 -0.043424521 -0.113971360 0.992534578 0.044492465
0.997778535 0.038911518 0.054072306 0.006375858 -0.044465281 0.993411362 0.105624400 0.101391338 -0.049606036 -0.107794099 0.992934942 0.038229901
0.997465312 0.041476700 0.057815883 0.006012374 -0.046887223 0.994314373 0.095605150 0.065043062 -0.053521797 -0.098073639 0.993738949 0.031966113
0.997299016 0.040701270 0.061140314 0.005448611 -0.045658603 0.995585561 0.082002603 0.028231068 -0.057532821 -0.084572673 0.994755030 0.025620045
0.997048914 0.039564982 0.065787964 0.004921878 -0.043831587 0.996939778 0.064727977 -0.009130653 -0.063025691 -0.067420542 0.995731950 0.019431928
0.996608078 0.037574455 0.073214509 0.003735977 -0.040832192 0.998217821 0.043518793 -0.043622717 -0.071448825 -0.046360694 0.996366262 0.012812472
0.996131957 0.037942413 0.079256296 0.003329748 -0.039801486 0.998965144 0.022009358 -0.078309491 -0.078339189 -0.025078744 0.996611238 0.004382888
0.995525956 0.037888121 0.086557113 0.002471748 -0.038188081 0.999268949 0.001811752 -0.108782530 -0.086425163 -0.005109097 0.996245325 -0.003097830
0.995224178 0.038262323 0.089803204 0.002052820 -0.037093382 0.999204516 -0.014650228 -0.137088925 -0.090292297 0.011249157 0.995851874 -0.011130624
0.995220900 0.034155898 0.091482013 0.000667949 -0.031701438 0.999100864 -0.028150357 -0.159868807 -0.092361264 0.025115710 0.995408773 -0.018672649
0.995437980 0.030912133 0.090264663 -0.000302734 -0.027577838 0.998898804 -0.037955754 -0.175599188 -0.091338553 0.035293289 0.995194256 -0.023595300
0.995424747 0.024849080 0.092261523 -0.001799880 -0.021043593 0.998896301 -0.041993022 -0.188686937 -0.093203165 0.039859381 0.994848907 -0.028155733
0.995134890 0.022623451 0.095890388 -0.002240391 -0.018705532 0.998960853 -0.041562218 -0.191760600 -0.096731022 0.039566327 0.994523823 -0.028883621
0.994835198 0.020158682 0.099481955 -0.002619544 -0.016390022 0.999121964 -0.038555875 -0.188207850 -0.100171842 0.036726225 0.994292080 -0.026400249
0.994808495 0.019098580 0.099956743 -0.002360663 -0.015785288 0.999302745 -0.033833914 -0.178601950 -0.100533240 0.032080416 0.994416296 -0.023370204
0.994359791 0.017328423 0.104634784 -0.000861422 -0.014451497 0.999497950 -0.028190825 -0.163570538 -0.105070777 0.026519697 0.994111061 -0.017391048
0.993684530 0.018540431 0.110667326 -0.000633133 -0.016233088 0.999632359 -0.021714164 -0.144959316 -0.111029238 0.019780556 0.993620276 -0.012147332
0.992860317 0.024659926 0.116705492 0.002396587 -0.023001453 0.999614596 -0.015536502 -0.121436685 -0.117043674 0.012741180 0.993045032 -0.003384585
0.992146373 0.030025383 0.121424936 0.005519828 -0.029039003 0.999529421 -0.009885182 -0.097540073 -0.121664599 0.006281489 0.992551446 0.004220197
0.991499424 0.039150991 0.124079615 0.008393121 -0.038928017 0.999233127 -0.004221926 -0.070477724 -0.124149740 -0.000644135 0.992263377 0.013195159
0.991238117 0.042730499 0.124983706 0.012102073 -0.043431938 0.999052167 0.002891484 -0.044372529 -0.124741688 -0.008294433 0.992154479 0.022550665
0.991849482 0.046248645 0.118724741 0.014489321 -0.048010245 0.998774469 0.012019205 -0.017539535 -0.118023381 -0.017621251 0.992854416 0.029834915
0.992421150 0.047511909 0.113325849 0.016352102 -0.050378330 0.998475254 0.022563754 0.008811163 -0.112081021 -0.028101908 0.993301570 0.035877161
0.993620753 0.048525114 0.101799130 0.017445218 -0.052289143 0.998031139 0.034636982 0.033458792 -0.099917941 -0.039739009 0.994201779 0.038428731
0.994914353 0.047459025 0.088842273 0.018195510 -0.051794980 0.997543871 0.047152236 0.055611309 -0.086386293 -0.051514015 0.994928956 0.038529973
0.996160269 0.042834427 0.076354280 0.018299293 -0.047564499 0.996988714 0.061246321 0.074259810 -0.073500916 -0.064642891 0.995197833 0.037465390
0.997284114 0.037006900 0.063677981 0.018240705 -0.041863199 0.996174932 0.076700926 0.088268794 -0.060595948 -0.079158366 0.995018661 0.033411801
0.998007476 0.030143745 0.055431798 0.018642087 -0.035191938 0.995093107 0.092473567 0.099231683 -0.052372307 -0.094240040 0.994171023 0.030827735
0.998686969 0.021498604 0.046497270 0.017674558 -0.026451496 0.993725479 0.108674318 0.106598802 -0.043869182 -0.109761566 0.992989361 0.026205238
0.999122500 0.014683671 0.039226890 0.017184893 -0.019566871 0.991689324 0.127159223 0.111431487 -0.037033722 -0.127815187 0.991106391 0.022192957
0.999392331 0.008209541 0.033874776 0.016646165 -0.013068067 0.989227355 0.145802379 0.113466099 -0.032312889 -0.146156460 0.988733590 0.017010728
0.999412596 0.002812943 0.034154702 0.016254682 -0.008479221 0.985935092 0.166913122 0.114461221 -0.033204801 -0.167104676 0.985379815 0.012129763
0.999177694 -0.002714650 0.040453963 0.015974550 -0.005063922 0.981587887 0.190943778 0.114302300 -0.040227469 -0.190991625 0.980767012 0.008621212
0.998538494 -0.005782668 0.053733747 0.016239215 -0.005929733 0.976533294 0.215284497 0.114069358 -0.053717703 -0.215288505 0.975071967 0.005861472
0.997743905 -0.011294567 0.066177413 0.015102269 -0.004671087 0.971677959 0.236262441 0.113220833 -0.066971608 -0.236038566 0.969433069 0.002849156
0.996935606 -0.017610366 0.076219223 0.013016336 -0.002393816 0.967007399 0.254736841 0.111867450 -0.078190550 -0.254138649 0.964001954 0.000313625
0.996525884 -0.023530470 0.079890162 0.010598909 0.000900299 0.962244511 0.272185028 0.109806791 -0.083278492 -0.271167487 0.958922803 -0.003998527
0.996332407 -0.027227037 0.081120186 0.007924441 0.002493756 0.956862330 0.290530920 0.109188296 -0.085531138 -0.289263129 0.953420818 -0.008211613
0.996082544 -0.034302030 0.081503808 0.006582972 0.007353903 0.950637877 0.310215235 0.108202316 -0.088121608 -0.308400601 0.947166204 -0.012944316
0.995819271 -0.039658412 0.082287364 0.005274066 0.010321488 0.943919539 0.330014318 0.108504057 -0.090760492 -0.327785283 0.940382540 -0.018362682
0.995541155 -0.046520855 0.082058311 0.004430179 0.014950757 0.936749279 0.349681616 0.108717002 -0.093135551 -0.346895635 0.933268011 -0.024241921
0.995549023 -0.047750141 0.081252739 0.004990398 0.014595809 0.929861367 0.367620409 0.109976865 -0.093107715 -0.364798188 0.926419556 -0.030339722
0.995571375 -0.047654171 0.081035577 0.006126524 0.012975567 0.923404515 0.383608937 0.110528044 -0.093109176 -0.380858541 0.919933379 -0.036072589
0.995893657 -0.046312485 0.077787660 0.008546704 0.011813709 0.918378174 0.395527691 0.110726625 -0.089756347 -0.392984539 0.915154040 -0.040938098
0.996164560 -0.046014965 0.074422859 0.011689943 0.012182374 0.915206790 0.402800381 0.108938508 -0.086647138 -0.400348783 0.912257195 -0.044980865
0.996099591 -0.047203403 0.074548952 0.015840288 0.013079930 0.914532900 0.404300183 0.106565632 -0.087261803 -0.401748121 0.911583126 -0.046775356
0.996298790 -0.046539757 0.072268814 0.020832976 0.013815016 0.916514099 0.399763882 0.104235463 -0.084840283 -0.397285879 0.913764775 -0.047764219
0.996560633 -0.047566921 0.067855835 0.024818426 0.017160567 0.919557095 0.392581642 0.102330223 -0.081071198 -0.390066922 0.917210579 -0.047289550
0.996817291 -0.047237936 0.064217299 0.029497461 0.018939883 0.922800660 0.384812057 0.100402340 -0.077437505 -0.382371068 0.920758307 -0.046515707
0.997039795 -0.044015523 0.063041806 0.032786574 0.016998304 0.925825059 0.377569884 0.100103997 -0.074984625 -0.375380576 0.923832595 -0.044621915
0.997425437 -0.038935352 0.060219556 0.035042685 0.013795434 0.928259790 0.371676624 0.100134395 -0.070370749 -0.369889021 0.926407039 -0.042782176
0.997766495 -0.035317183 0.056697749 0.035951406 0.012062510 0.930107117 0.367090374 0.099995673 -0.065699562 -0.365586519 0.928455830 -0.040488724
0.998163640 -0.029801577 0.052738637 0.037086640 0.008446692 0.930581868 0.365986466 0.098632902 -0.059984598 -0.364868879 0.929124594 -0.037755776
0.998379648 -0.027023794 0.050077282 0.038117245 0.006743268 0.930022657 0.367440104 0.097520880 -0.056502633 -0.366506994 0.928698063 -0.035548687
0.998561203 -0.022396699 0.048723806 0.039491925 0.002706367 0.928495765 0.371333152 0.097015098 -0.053556483 -0.370666981 0.927220464 -0.033172715
0.998662233 -0.019206759 0.048009545 0.042331185 -0.000212152 0.926927328 0.375240684 0.096750706 -0.051708519 -0.374748856 0.925683260 -0.030779909
0.998729229 -0.018752193 0.046779007 0.046151932 -0.000325806 0.925777018 0.378070056 0.095631309 -0.050396562 -0.377604842 0.924594343 -0.028079979
0.998693228 -0.019734858 0.047143415 0.051943809 0.000356468 0.925105572 0.379709899 0.095470361 -0.051106151 -0.379196823 0.923903704 -0.025167104
0.998616159 -0.022411516 0.047575835 0.059852507 0.002571061 0.924374461 0.381477833 0.093827404 -0.052527372 -0.380827576 0.923152864 -0.021824094
0.998457670 -0.024276264 0.049931169 0.069306858 0.003323573 0.923860252 0.382715374 0.093002215 -0.055420339 -0.381959140 0.922515988 -0.018595641
0.998307645 -0.027094129 0.051457651 0.080375209 0.005238667 0.923139274 0.384429902 0.092052333 -0.057918377 -0.383509696 0.921718895 -0.015382871
0.998115718 -0.032190345 0.052238069 0.093333177 0.009491531 0.922090232 0.386858672 0.090618685 -0.060621317 -0.385633916 0.920658231 -0.012224603
0.997940183 -0.036187079 0.052971520 0.107560880 0.012753291 0.921144783 0.389011085 0.089578092 -0.062871605 -0.387534231 0.919708848 -0.010007305
0.997711003 -0.040597778 0.054079689 0.123434469 0.016325355 0.920681417 0.389973223 0.088347219 -0.065622211 -0.388197660 0.919236779 -0.008280652
0.997405767 -0.045134578 0.056077290 0.141284674 0.019785579 0.920902908 0.389289677 0.086370714 -0.069212168 -0.387170196 0.919406831 -0.006511543
0.996921062 -0.048836518 0.061345991 0.158690482 0.021566013 0.922960818 0.384288907 0.085384265 -0.075387292 -0.381782681 0.921172440 -0.004043598
0.996345699 -0.053649582 0.066459090 0.177354336 0.024625504 0.925503731 0.377937257 0.083043173 -0.081784308 -0.374919653 0.923442781 -0.001430620
0.995598555 -0.060133364 0.071885340 0.196503550 0.029214775 0.927929163 0.371609956 0.080142774 -0.089050665 -0.367874205 0.925601721 0.000840805
0.994788527 -0.065005578 0.078549027 0.215640321 0.031812306 0.929827511 0.366617739 0.078088298 -0.096869260 -0.362208247 0.927049875 0.003079142
0.993948758 -0.070236363 0.084454767 0.233971894 0.034712940 0.930303216 0.365145028 0.076992340 -0.104215004 -0.360003769 0.927111924 0.005154643
0.993118703 -0.074435711 0.090412974 0.252003819 0.036254339 0.929505408 0.367022008 0.077661514 -0.111358896 -0.361218542 0.925807953 0.007163167
0.992078722 -0.077514552 0.098848686 0.269118875 0.035104990 0.926635683 0.374317884 0.078332722 -0.120611802 -0.367882818 0.922016799 0.008794624
0.990971565 -0.080606647 0.107135296 0.286382854 0.033404049 0.922326982 0.384963781 0.079422601 -0.129844412 -0.377909422 0.916692376 0.009083215
0.989687860 -0.086320989 0.114309996 0.300557345 0.034575425 0.918388009 0.394167513 0.081304684 -0.139005855 -0.386150450 0.911902010 0.010820441
0.989323795 -0.089566551 0.114961788 0.313597947 0.036321715 0.915494561 0.400687397 0.083195247 -0.141135082 -0.392234027 0.908973753 0.012013592
0.989186883 -0.088963307 0.116597272 0.324480742 0.034625128 0.914200783 0.403779596 0.085617572 -0.142514884 -0.395376295 0.907395840 0.013019517
0.989367723 -0.089250848 0.114829242 0.334087610 0.035449713 0.913733780 0.404763818 0.086964622 -0.141048878 -0.396389604 0.907182753 0.013871700
0.989525914 -0.089549616 0.113223016 0.341199666 0.036658950 0.914505363 0.402909487 0.088678122 -0.139623433 -0.394538760 0.908209503 0.014786184
0.989660740 -0.091100827 0.110780589 0.345548868 0.039588094 0.915873230 0.399510711 0.089712992 -0.137856767 -0.390994489 0.910010278 0.015307277
0.990078747 -0.090377621 0.107592888 0.347995996 0.040625595 0.917119503 0.396536767 0.090588704 -0.134513587 -0.388231605 0.911692023 0.015737027
0.990076840 -0.092542924 0.105753504 0.348724067 0.043808084 0.918300986 0.393451661 0.091250300 -0.133524701 -0.384914517 0.913242579 0.015589558
0.989984989 -0.093900211 0.105416097 0.347082883 0.045333304 0.918620050 0.392533153 0.091815948 -0.133696258 -0.383823097 0.913676679 0.014776640
0.989653051 -0.092923664 0.109325625 0.343773991 0.042715929 0.918213427 0.393775970 0.091894627 -0.136975363 -0.385031641 0.912681937 0.013953045
0.989529848 -0.091876924 0.111307211 0.338319600 0.040973019 0.918304861 0.393747926 0.091053396 -0.138390288 -0.385064811 0.912454545 0.012722857
0.989561141 -0.091400437 0.111421898 0.329874873 0.040740617 0.919034362 0.392066509 0.090289518 -0.138235614 -0.383434385 0.913164258 0.010702312
0.989830673 -0.089995645 0.110164113 0.319872975 0.039994866 0.919261694 0.391610146 0.088827305 -0.136512861 -0.383221745 0.913512588 0.008565642
0.990173757 -0.090910062 0.106260858 0.307715505 0.042265661 0.918872714 0.392283827 0.088582359 -0.133302748 -0.383938015 0.913685918 0.005565401
0.990996122 -0.087474220 0.101365507 0.294638872 0.040688545 0.918025672 0.394427955 0.089692570 -0.127558410 -0.386752158 0.913319051 0.002853200
0.991509914 -0.085850053 0.097662188 0.279724360 0.040155485 0.916512609 0.397985131 0.089772671 -0.123675682 -0.390684545 0.912178636 0.000639156
0.992104113 -0.084481157 0.092695110 0.263392895 0.040716082 0.916017234 0.399067432 0.090956330 -0.118623979 -0.392142266 0.912224114 -0.001528073
0.992681444 -0.082716361 0.087985620 0.245023355 0.041056193 0.916351378 0.398264289 0.091950506 -0.113568716 -0.391737282 0.913041115 -0.003052454
0.993264675 -0.079885222 0.083925784 0.225161597 0.040262148 0.917154014 0.396494031 0.092271097 -0.108646885 -0.390444577 0.914193034 -0.005813882
0.994007349 -0.076257333 0.078320131 0.204865232 0.039577805 0.918932438 0.392424166 0.092178330 -0.101896122 -0.386972815 0.916443765 -0.008781400
0.994652987 -0.072483063 0.073563308 0.182790965 0.038422439 0.920910597 0.387875676 0.091152161 -0.095859647 -0.382975280 0.918771386 -0.012094323
0.995391309 -0.067124158 0.068486601 0.161029667 0.035900380 0.923077524 0.382934451 0.089944318 -0.088922620 -0.378710955 0.921233237 -0.015673891
0.995874763 -0.064200655 0.064123981 0.138667941 0.035311714 0.925180912 0.377880037 0.088638455 -0.083586439 -0.374056906 0.923631251 -0.018696474
0.996285975 -0.061053429 0.060717598 0.115080066 0.033806052 0.925882399 0.376296163 0.086636558 -0.079191543 -0.372846007 0.924507618 -0.021395188
0.996647656 -0.058194004 0.057503574 0.091201365 0.032391336 0.926120102 0.375835449 0.086484022 -0.075126581 -0.372712970 0.924900532 -0.023892824
0.997158110 -0.054149635 0.052377060 0.067250095 0.030351371 0.925080538 0.378556132 0.085712224 -0.068951666 -0.375890613 0.924095213 -0.026318606
0.997584522 -0.051096715 0.047056552 0.043205012 0.029240943 0.923383355 0.382763773 0.086563542 -0.063009210 -0.380463302 0.922646999 -0.028816681
0.998026192 -0.044766802 0.044040397 0.018920546 0.024355439 0.922337413 0.385617048 0.088364474 -0.057882942 -0.383783370 0.921607196 -0.030320048
0.998260677 -0.041594762 0.041777298 -0.004527980 0.022284366 0.922312498 0.385801882 0.089738287 -0.054579049 -0.384199888 0.921635270 -0.031965520
0.998444915 -0.039143361 0.039692089 -0.028448207 0.020874096 0.922727227 0.384887934 0.090128608 -0.051690783 -0.383460879 0.922109425 -0.033943873
0.998627126 -0.037465185 0.036609553 -0.052629396 0.020642301 0.923801064 0.382315964 0.091769010 -0.048143480 -0.381035417 0.923306108 -0.035148993
0.998790383 -0.035027079 0.034510106 -0.076247394 0.019336984 0.925077736 0.379285336 0.094059005 -0.045209788 -0.378159195 0.924635947 -0.036936928
0.998998165 -0.032153770 0.031128889 -0.099357851 0.018039864 0.925869763 0.377411991 0.095472224 -0.040956512 -0.376472235 0.925522149 -0.038654596
0.999117553 -0.029558968 0.029837385 -0.123052858 0.016172981 0.926399171 0.376195520 0.097723216 -0.038761284 -0.375380993 0.926059783 -0.039957725
0.999338448 -0.027661376 0.023609158 -0.146490157 0.016713358 0.925908208 0.377378613 0.099236548 -0.032298721 -0.376734376 0.925758064 -0.042441837
0.999568462 -0.024945620 0.015516308 -0.167289689 0.017171539 0.924666584 0.380390316 0.102823429 -0.023836490 -0.379959673 0.924695849 -0.044114053
0.999737382 -0.021574399 0.007726954 -0.186615333 0.016912734 0.922141135 0.386483788 0.105859764 -0.015463495 -0.386251599 0.922263801 -0.045557752
0.999816775 -0.019133437 -0.000508782 -0.204958364 0.017803716 0.919916332 0.391710490 0.109942608 -0.007026734 -0.391647786 0.920088351 -0.045982793
0.999811232 -0.017222911 -0.008993612 -0.222158074 0.019376630 0.918023944 0.396051198 0.111820787 0.001435198 -0.396150768 0.918184280 -0.047483794
0.999716401 -0.015746811 -0.017864782 -0.236772090 0.021527816 0.918320239 0.395252258 0.114238270 0.010181628 -0.395524770 0.918398798 -0.048650540
0.999615014 -0.013798257 -0.024071874 -0.248901695 0.022116639 0.920127273 0.390994519 0.114583701 0.016754143 -0.391376376 0.920078099 -0.049802385
0.999491513 -0.012082491 -0.029510669 -0.259205252 0.022487985 0.923201978 0.383656651 0.115851246 0.022608778 -0.384125113 0.923004150 -0.050819006
0.999314904 -0.011644842 -0.035128295 -0.266516894 0.024038728 0.925942540 0.376898617 0.115810953 0.028137857 -0.377484888 0.925588131 -0.051520914
0.999253213 -0.010024608 -0.037318163 -0.270160884 0.023243997 0.927434564 0.373262435 0.114961445 0.030868335 -0.373851091 0.926974833 -0.052760016
0.999257743 -0.008791106 -0.037505224 -0.270575374 0.022125341 0.927979648 0.371973634 0.114326388 0.031534016 -0.372527361 0.927485287 -0.053871483
0.999361277 -0.005937555 -0.035240743 -0.268000007 0.018671505 0.927559614 0.373208404 0.114192508 0.030471938 -0.373627961 0.927077889 -0.054985702
0.999506950 -0.005722553 -0.030874778 -0.262190372 0.016894281 0.926816523 0.375134498 0.113676354 0.026468521 -0.375471115 0.926456034 -0.056105807
0.999665201 -0.005189485 -0.025351819 -0.253474653 0.014361257 0.926227689 0.376691073 0.112499923 0.021526719 -0.376929015 0.925991893 -0.057997305
0.999841690 -0.005765217 -0.016833723 -0.242444560 0.011684883 0.926214814 0.376815408 0.111291610 0.013419215 -0.376952380 0.926135421 -0.059077319
0.999931812 -0.005809637 -0.010123702 -0.228093907 0.009184604 0.926865935 0.375280261 0.108834907 0.007203071 -0.375347704 0.926856101 -0.061159287
0.999977946 -0.006003696 -0.002840131 -0.211789429 0.006629298 0.928265274 0.371859580 0.107588850 0.000403863 -0.371870220 0.928284645 -0.062478766
0.999977887 -0.005873833 0.003114896 -0.193997398 0.004310458 0.929456115 0.368907541 0.105544358 -0.005062061 -0.368885905 0.929460824 -0.063350350
0.999933124 -0.007492820 0.008809017 -0.174232632 0.003742977 0.930404782 0.366514534 0.104755782 -0.010942182 -0.366457015 0.930370629 -0.064455092
0.999849260 -0.009128071 0.014768228 -0.153785303 0.003069178 0.930163860 0.367131859 0.103221133 -0.017088082 -0.367031157 0.930051684 -0.064633258
0.999722600 -0.012958536 0.019667570 -0.132231802 0.004758633 0.928948462 0.370178193 0.102289066 -0.023067128 -0.369981915 0.928752542 -0.064422235
0.999626338 -0.017846150 0.020705445 -0.110023499 0.008787450 0.927064657 0.374798477 0.102126725 -0.025883997 -0.374476492 0.926875114 -0.063596599
0.999504685 -0.022613382 0.021886840 -0.086800538 0.012574576 0.924507976 0.380955309 0.101736605 -0.028849242 -0.380491376 0.924334466 -0.062623478
0.999381065 -0.025281271 0.024461633 -0.063238680 0.013904658 0.922620058 0.385459065 0.101834305 -0.032313693 -0.384880364 0.922400653 -0.060989931
0.999249518 -0.026443513 0.028301908 -0.039838422 0.013399719 0.921577632 0.387962729 0.101871029 -0.036341500 -0.387292325 0.921240449 -0.059003100
0.999229252 -0.027333934 0.028175598 -0.015478349 0.014258474 0.921443522 0.388250589 0.102009691 -0.036574639 -0.387549609 0.921123087 -0.056602333
0.999235570 -0.028859882 0.026372898 0.007681512 0.016421728 0.922027051 0.386776745 0.101357378 -0.035478860 -0.386047959 0.921796143 -0.054607883
0.999251962 -0.030371929 0.023939036 0.030612968 0.018833291 0.922847569 0.384704530 0.101400219 -0.033776302 -0.383965909 0.922729254 -0.052256681
0.999160945 -0.033741772 0.023214711 0.052581005 0.022218619 0.922714233 0.384843826 0.100492783 -0.034405865 -0.384005100 0.922689736 -0.050176334
0.999088287 -0.035486382 0.023734314 0.073579222 0.023578621 0.922122777 0.386178195 0.100250743 -0.035590015 -0.385266513 0.922118783 -0.047237564
0.998909712 -0.039222967 0.025320638 0.093570963 0.026308784 0.920971632 0.388740152 0.100277513 -0.038567141 -0.387650102 0.920999408 -0.044709444
0.998765290 -0.040194359 0.029193532 0.110869095 0.025598684 0.920048892 0.390966535 0.101640627 -0.042574115 -0.389736474 0.919941843 -0.041821465
0.998511016 -0.043277223 0.033208221 0.126952752 0.026723478 0.918788135 0.393845469 0.102718823 -0.047555864 -0.392371595 0.918576539 -0.039075427
0.998246968 -0.046115443 0.037096478 0.140162081 0.027702980 0.917971551 0.395677656 0.104666233 -0.052300349 -0.393956363 0.917639971 -0.036100030
0.997996509 -0.049470931 0.039441012 0.151012406 0.029882487 0.918038011 0.395364493 0.107777171 -0.055767406 -0.393393815 0.917677104 -0.032436334
0.997759819 -0.050735373 0.043603234 0.162051573 0.029524863 0.918839753 0.393524766 0.110516459 -0.060030006 -0.391355783 0.918279409 -0.028255684
0.997005284 -0.054011691 0.055345953 0.171422422 0.028478708 0.921817183 0.386577308 0.112970509 -0.071898550 -0.383843422 0.920594811 -0.023312833
0.995741546 -0.057946254 0.071700312 0.179216892 0.026893053 0.926511824 0.375303268 0.115293376 -0.088178612 -0.371776819 0.924124718 -0.017627075
0.994499326 -0.059611477 0.086125068 0.185185149 0.024966022 0.933461070 0.357808739 0.117287278 -0.101723917 -0.353690326 0.929814696 -0.012134489
0.993448555 -0.059056453 0.097837806 0.189829931 0.022570536 0.940655231 0.338612318 0.118316963 -0.112028882 -0.334185690 0.935825527 -0.006508727
0.992264271 -0.056975730 0.110295936 0.193608046 0.018995265 0.947680116 0.318655849 0.118541427 -0.122680902 -0.314095676 0.941431463 -0.002174065
0.990741611 -0.056580562 0.123408690 0.196685791 0.017316563 0.954255998 0.298488855 0.117026240 -0.134652123 -0.293588251 0.946400940 0.001601592
0.989364624 -0.057191573 0.133741155 0.199615508 0.017350696 0.959295988 0.281868994 0.115433812 -0.144417882 -0.276550710 0.950085819 0.005460288
0.987788975 -0.060236514 0.143682241 0.202638537 0.019131338 0.962151527 0.271842420 0.113497466 -0.154618919 -0.265774101 0.951555133 0.009754784
0.986340404 -0.067678027 0.150174588 0.206050828 0.024718113 0.962184966 0.271272987 0.111993760 -0.162854970 -0.263855457 0.950714827 0.013470747
0.984627068 -0.076324306 0.157111675 0.211078584 0.029974181 0.959968448 0.278499663 0.110227019 -0.172078535 -0.269508988 0.947498739 0.018760614
0.982300997 -0.086765602 0.166001916 0.217013985 0.036199130 0.957472324 0.286245108 0.107888684 -0.183778495 -0.275169671 0.943666875 0.025515810
0.979910612 -0.097007692 0.174254775 0.224048987 0.042194862 0.954795122 0.294254661 0.105722219 -0.194922596 -0.280990571 0.939707100 0.034393013
0.977625430 -0.106308863 0.181512401 0.231545746 0.047287986 0.951878130 0.302806497 0.103120565 -0.204968721 -0.287448019 0.935607612 0.043555267
0.975811064 -0.112916790 0.187196717 0.238477826 0.049873501 0.948684394 0.312266618 0.101033308 -0.212850779 -0.295377016 0.931368291 0.054490127
0.974827826 -0.117341615 0.189582884 0.245248973 0.051179241 0.945365846 0.321968973 0.097768292 -0.217005566 -0.304161608 0.927574396 0.065567903
0.974847794 -0.119380713 0.188202173 0.250393331 0.051798649 0.942679226 0.329655617 0.094662197 -0.216768816 -0.311615407 0.925152421 0.077380992
0.975086749 -0.125128686 0.183163241 0.253662050 0.057394147 0.939910948 0.336560786 0.090623565 -0.214270577 -0.317663401 0.923676312 0.090260454
0.976572990 -0.125624418 0.174710020 0.254382849 0.059628688 0.938089073 0.341223180 0.086291611 -0.206759527 -0.322811663 0.923603296 0.104456976
0.978666425 -0.122581169 0.164881647 0.252747476 0.059982646 0.938023448 0.341341704 0.081262082 -0.196504936 -0.324169636 0.925364673 0.119619653
0.981541395 -0.115992218 0.152059525 0.249033451 0.059065308 0.940069854 0.335827291 0.075588621 -0.181899935 -0.320646971 0.929568648 0.134459227
0.984544933 -0.106448993 0.139067948 0.242535189 0.055907525 0.943561971 0.326443046 0.069984511 -0.165968776 -0.313622862 0.934930444 0.149835482
0.987751782 -0.094317362 0.124301136 0.234201461 0.050656803 0.947317421 0.316265136 0.064852089 -0.147581920 -0.306094766 0.940492213 0.165478855
0.990729272 -0.079833962 0.109918267 0.223232180 0.042365894 0.950323999 0.308365434 0.060550869 -0.129076004 -0.300849915 0.944896102 0.180421501
0.993280172 -0.068084091 0.093589902 0.210155040 0.036700841 0.952218890 0.303203017 0.056804929 -0.109761365 -0.297730744 0.948318958 0.194029763
0.995870471 -0.054984916 0.072240107 0.193927929 0.030751711 0.952991784 0.301431566 0.053709548 -0.085418433 -0.297965318 0.950747252 0.206689820
0.997876465 -0.044055454 0.047975890 0.174612403 0.027572136 0.953018844 0.301653415 0.050988816 -0.059011400 -0.299690127 0.952209711 0.216603696
0.999225855 -0.034691263 0.018548504 0.152464136 0.027403358 0.952117920 0.304500371 0.049733099 -0.028223868 -0.303756416 0.952331543 0.223336533
0.999688566 -0.023133051 -0.009362161 0.126964360 0.024895122 0.950554073 0.309559733 0.049647968 0.001738176 -0.309696436 0.950833857 0.227252841
0.999284625 -0.011446337 -0.036045194 0.099936433 0.022224177 0.948899567 0.314794809 0.051580932 0.030600034 -0.315370709 0.948475063 0.229282141
0.997892082 0.000125642 -0.064894743 0.070943981 0.020716392 0.947058856 0.320391327 0.053247277 0.061499383 -0.321060389 0.945059836 0.224681228
0.995697796 0.012565887 -0.091804035 0.040771957 0.018093077 0.945324481 0.325629205 0.056658622 0.090876415 -0.325889319 0.941030085 0.218813032
0.993169487 0.027279444 -0.113446690 0.008417878 0.011734366 0.944004416 0.329724342 0.059749085 0.116088860 -0.328803390 0.937236249 0.207240894
0.989618480 0.035074141 -0.139374331 -0.021970939 0.013252057 0.943363309 0.331496805 0.064915195 0.143107578 -0.329902291 0.933104932 0.195174217
0.986012220 0.039842531 -0.161840737 -0.052055832 0.016466519 0.942971349 0.332466066 0.068447269 0.165857464 -0.330480635 0.929125249 0.177417189
0.981806517 0.040076688 -0.185606405 -0.080593593 0.024412986 0.942719162 0.332692683 0.073755987 0.188307941 -0.331171095 0.924589455 0.158671543
