1.000000000 0.000000000 0.000000000 0.000000000 0.000000000 1.000000000 0.000000000 0.000000000 0.000000000 0.000000000 1.000000000 0.000000000
0.999942422 0.004635025 0.009678646 0.000581460 -0.004650067 0.999987960 0.001532086 0.033568513 -0.009671430 -0.001577004 0.999951959 0.013664726
0.999918044 0.005671686 0.011471312 0.000549961 -0.005807109 0.999913454 0.011806823 0.055052109 -0.011403354 -0.011872470 0.999864459 0.019969387
0.999917448 0.005520482 0.011605421 -0.000276416 -0.005799899 0.999690711 0.024182249 0.079561934 -0.011468335 -0.024247561 0.999640226 0.027476281
0.999935150 0.001994249 0.011210174 -0.000677137 -0.002374916 0.999417424 0.034047179 0.105287366 -0.011135745 -0.034071591 0.999357343 0.035137177
0.999927998 0.000667573 0.011973375 -0.001627161 -0.001159580 0.999153078 0.041131977 0.131563231 -0.011935776 -0.041142907 0.999081910 0.041887049
0.999930501 -0.004066607 0.011058973 -0.002115174 0.003551882 0.998927236 0.046171553 0.156636506 -0.011234871 -0.046129063 0.998872280 0.049737938
0.999926269 -0.006231376 0.010420947 -0.003033492 0.005705342 0.998744488 0.049768049 0.181271642 -0.010717986 -0.049704921 0.998706400 0.055698521
0.999933362 -0.006896484 0.009255691 -0.003323335 0.006384581 0.998507559 0.054240815 0.204289049 -0.009615946 -0.054178119 0.998484850 0.061871618
0.999945462 -0.005212432 0.009048734 -0.004070669 0.004663698 0.998209119 0.059638541 0.225058228 -0.009343391 -0.059593100 0.998179018 0.066780016
0.999950111 0.000203796 0.009983997 -0.005006804 -0.000879207 0.997705877 0.067691810 0.244872823 -0.009947296 -0.067697212 0.997656286 0.070525996
0.999971628 0.000650308 0.007505808 -0.005694934 -0.001238582 0.996902406 0.078639582 0.262963623 -0.007431418 -0.078646652 0.996874809 0.073594406
0.999961734 0.003667820 0.007943861 -0.006564376 -0.004396092 0.995591581 0.093691505 0.280153006 -0.007565199 -0.093722843 0.995569527 0.076610982
0.999970496 0.003753034 0.006701531 -0.007570340 -0.004474314 0.993801296 0.111080877 0.292454809 -0.006243101 -0.111107565 0.993788838 0.078125440
0.999970317 0.004101374 0.006518194 -0.008243174 -0.004899126 0.991825163 0.127510041 0.299315721 -0.005941941 -0.127538189 0.991815865 0.078353822
0.999987066 0.002396077 0.004485623 -0.009200462 -0.003005193 0.989986002 0.141133413 0.297711253 -0.004102537 -0.141145065 0.989980400 0.077138335
0.999999225 0.000833381 0.000861682 -0.009730577 -0.000949897 0.989355743 0.145514235 0.287864029 -0.000731242 -0.145514950 0.989355683 0.073633030
0.999999225 0.001261640 0.000303526 -0.010586300 -0.001292139 0.989647865 0.143510908 0.269557148 -0.000119325 -0.143511117 0.989648640 0.068344571
0.999986649 0.004026245 0.003217654 -0.011497480 -0.004424715 0.990788400 0.135347128 0.245098099 -0.002643072 -0.135359541 0.990792990 0.062489606
0.999909818 0.010603971 0.008228960 -0.012011110 -0.011548846 0.992106080 0.124868862 0.214043483 -0.006839896 -0.124952622 0.992139101 0.055933088
0.999711871 0.018059900 0.015802370 -0.011838650 -0.019718280 0.993512690 0.111999713 0.179612488 -0.013677151 -0.112279028 0.993582606 0.050240062
0.999361277 0.024382172 0.026122365 -0.012220479 -0.026820492 0.994877219 0.097468108 0.139937386 -0.023612054 -0.098106459 0.994895875 0.041058935
0.998842061 0.031388119 0.036457695 -0.012236515 -0.034303937 0.996015429 0.082319126 0.100859761 -0.033728581 -0.083474450 0.995938957 0.033329230
0.998545051 0.035382885 0.040691216 -0.013631414 -0.038063496 0.997019410 0.067107506 0.061879639 -0.038195480 -0.068558708 0.996915638 0.025389064
0.998413324 0.038492706 0.041098487 -0.015641963 -0.040641006 0.997778654 0.052783355 0.027049482 -0.038975425 -0.054369885 0.997759938 0.017609511
0.998511612 0.037895665 0.039223161 -0.017627027 -0.039458983 0.998425126 0.039881472 -0.008335300 -0.037650052 -0.041369826 0.998434305 0.008152068
0.998573601 0.035520848 0.039862979 -0.018384416 -0.036599942 0.998973906 0.026674803 -0.039959267 -0.038874570 -0.028095739 0.998849034 0.001331038
0.998742223 0.029683722 0.040408056 -0.018350931 -0.030140506 0.999487936 0.010742192 -0.066635191 -0.040068496 -0.011946603 0.999125540 -0.002679247
0.998805940 0.026266109 0.041190442 -0.018611718 -0.026075423 0.999646544 -0.005159929 -0.092632502 -0.041311409 0.004079711 0.999137998 -0.009777829
0.998907864 0.021934271 0.041254945 -0.018324548 -0.021008518 0.999520600 -0.022741191 -0.115470700 -0.041733973 0.021849647 0.998889804 -0.016382825
0.998900533 0.023751892 0.040418766 -0.016727010 -0.022216754 0.999030054 -0.038015474 -0.130480453 -0.041282501 0.037075706 0.998459399 -0.022450805
0.998843670 0.024388770 0.041427918 -0.016977929 -0.022380663 0.998583913 -0.048263174 -0.139010459 -0.042546336 0.047280192 0.997975171 -0.026406890
0.998517036 0.029515082 0.045743067 -0.016535439 -0.027189482 0.998346090 -0.050654627 -0.139403522 -0.047162496 0.049335781 0.997668147 -0.027494809
0.998232782 0.035030987 0.048000637 -0.014902581 -0.032820810 0.998398244 -0.046083987 -0.130114883 -0.049538128 0.044427134 0.997783661 -0.026118981
0.997879565 0.040838588 0.050680753 -0.013517249 -0.039053049 0.998597920 -0.035735250 -0.113087066 -0.052069087 0.033680245 0.998075366 -0.022897605
0.997925937 0.037452586 0.052353613 -0.011754351 -0.036262836 0.999065995 -0.023493830 -0.090416506 -0.053184621 0.021546615 0.998352289 -0.016019387
0.998112738 0.034810923 0.050588630 -0.009953345 -0.034317911 0.999354839 -0.010581576 -0.063230053 -0.050924357 0.008825509 0.998663485 -0.007325947
0.998326480 0.029955557 0.049467169 -0.008202676 -0.029984919 0.999550223 -0.000148466 -0.034236129 -0.049449373 -0.001335056 0.998775721 0.000609419
0.998290718 0.032948975 0.048269287 -0.005455889 -0.033318918 0.999421120 0.006879492 -0.002877845 -0.048014663 -0.008476014 0.998810709 0.009278034
0.998516381 0.029757185 0.045601133 -0.003103396 -0.030239454 0.999493480 0.009922496 0.030178115 -0.045282755 -0.011286731 0.998910487 0.018463489
0.998796761 0.029156946 0.039432570 -0.001254569 -0.029687157 0.999475718 0.012927657 0.062917516 -0.039034955 -0.014082743 0.999138713 0.025725521
0.998903692 0.028206099 0.037361234 -0.000030568 -0.028889870 0.999422491 0.017889773 0.095301412 -0.036835048 -0.018949522 0.999141693 0.033017948
0.999149084 0.023307022 0.034026057 0.000349190 -0.024247017 0.999328256 0.027479539 0.128191218 -0.033362728 -0.028281190 0.999043107 0.040598974
0.999046504 0.020900097 0.038330492 0.000723389 -0.022459174 0.998918712 0.040705502 0.160309941 -0.037438292 -0.041527566 0.998435616 0.047853105
0.998967648 0.017097462 0.042085525 0.001085520 -0.019472394 0.998202145 0.056683779 0.189951807 -0.041040707 -0.057444762 0.997504711 0.054786250
0.998796523 0.017339751 0.045878828 0.000771916 -0.020695813 0.997064352 0.073717117 0.216074154 -0.044465911 -0.074577898 0.996223330 0.060592096
0.998808682 0.018353924 0.045212105 0.000154302 -0.022421522 0.995582819 0.091169424 0.237579107 -0.043339081 -0.092074543 0.994808555 0.065091118
0.998989224 0.017132603 0.041555449 -0.001053531 -0.021463202 0.994122267 0.106113836 0.252796292 -0.039493185 -0.106898502 0.993485212 0.067193441
0.999130547 0.017029246 0.038053010 -0.002581059 -0.021389483 0.992867768 0.117286310 0.261520565 -0.035784308 -0.117998265 0.992368817 0.069200285
0.999210954 0.017190779 0.035804506 -0.003894129 -0.021521563 0.992008924 0.124318734 0.261309087 -0.033381253 -0.124991186 0.991596162 0.068908364
0.999273300 0.018501593 0.033323266 -0.005515458 -0.022582795 0.991697967 0.126589820 0.251278371 -0.030704506 -0.127250344 0.991395295 0.066452384
0.999369860 0.016653102 0.031343296 -0.007822278 -0.020340614 0.992410898 0.121272452 0.233653843 -0.029085867 -0.121833570 0.992124319 0.062360175
0.999385357 0.017305506 0.030483982 -0.010047080 -0.020518480 0.993889570 0.108453937 0.209492281 -0.028420854 -0.109012783 0.993633986 0.054936133
0.999396086 0.016606461 0.030519031 -0.011657884 -0.019387359 0.995457768 0.093208149 0.181618318 -0.028832546 -0.093743548 0.995178699 0.048911221
0.999229252 0.020717151 0.033340629 -0.012901593 -0.023343615 0.996487617 0.080419607 0.151050612 -0.031557456 -0.081135899 0.996203244 0.041679021
0.999093473 0.021415142 0.036790553 -0.014111458 -0.023960207 0.997245789 0.070189983 0.119509593 -0.035186093 -0.071007878 0.996854901 0.034104437
0.998736084 0.026351672 0.042799871 -0.014181046 -0.029065982 0.997520864 0.064086556 0.085911125 -0.041004978 -0.065249577 0.997026086 0.026215786
0.998496413 0.026479354 0.047997627 -0.014100402 -0.029310394 0.997811496 0.059271980 0.053657688 -0.046323095 -0.060589679 0.997087359 0.017984483
0.998403251 0.025447736 0.050433386 -0.013848956 -0.028201081 0.998106956 0.054656051 0.021886349 -0.048947040 -0.055991046 0.997230768 0.010172381
0.998267710 0.021762654 0.054659911 -0.012998560 -0.024384692 0.998560727 0.047770303 -0.010600253 -0.053541627 -0.049020421 0.997361660 0.003276750
0.997998893 0.016857101 0.060944065 -0.011477464 -0.019208716 0.999085188 0.038208757 -0.042131640 -0.060244214 -0.039302949 0.997409701 -0.003847389
0.997478604 0.012554288 0.069849424 -0.009454448 -0.014325303 0.999587059 0.024911802 -0.073811077 -0.069507822 -0.025849607 0.997246504 -0.009985363
0.997050703 0.008623227 0.076259844 -0.008535760 -0.009321712 0.999917746 0.008807966 -0.104542233 -0.076177642 -0.009492860 0.997049034 -0.018356021
0.996781468 0.008314407 0.079734154 -0.006514573 -0.007678227 0.999936223 -0.008282058 -0.129564226 -0.079797924 0.007643186 0.996781826 -0.025105787
0.996502936 0.009018406 0.083069660 -0.004863532 -0.006987343 0.999670327 -0.024708487 -0.150710121 -0.083265118 0.024041643 0.996237278 -0.031248227
0.996478677 0.012196875 0.082955696 -0.004041424 -0.009264997 0.999321938 -0.035636313 -0.162135124 -0.083334126 0.034742244 0.995915771 -0.035559904
0.996314049 0.014102453 0.084613964 -0.002872018 -0.010742308 0.999140501 -0.040036216 -0.168694481 -0.085105866 0.038979694 0.995609105 -0.038354952
0.995891809 0.018652724 0.088609055 -0.002010839 -0.015103762 0.999063194 -0.040555019 -0.165641084 -0.089282520 0.039050065 0.995240450 -0.037030675
0.995724022 0.022595374 0.089572676 -0.001135557 -0.019233005 0.999084115 -0.038225047 -0.154642910 -0.090354353 0.036338825 0.995246410 -0.032979075
0.995839953 0.023989975 0.087904721 -0.000517207 -0.020996422 0.999172926 -0.034822401 -0.137979671 -0.088667415 0.032831855 0.995519996 -0.028913083
0.995978653 0.023885142 0.086348705 -0.000050572 -0.021288600 0.999296725 -0.030867402 -0.116114803 -0.087025255 0.028905028 0.995786726 -0.022419984
0.996095359 0.024625801 0.084779277 0.001684209 -0.022482770 0.999405622 -0.026140474 -0.090205558 -0.085372612 0.024132337 0.996056855 -0.014064442
0.996517360 0.022947850 0.080164723 0.003991936 -0.021277430 0.999539733 -0.021629889 -0.060878478 -0.080624178 0.019848865 0.996546984 -0.003754884
0.996794283 0.026007975 0.075661369 0.005521009 -0.024944259 0.999576926 -0.014970243 -0.029170638 -0.076018699 0.013034936 0.997021317 0.005276510
0.997013807 0.026727729 0.072451048 0.007806283 -0.026179625 0.999620974 -0.008504479 0.005021072 -0.072650902 0.006582344 0.997335672 0.014598839
0.996951580 0.030467199 0.071828708 0.010539481 -0.030570531 0.999532461 0.000339415 0.038940422 -0.071784794 -0.002534222 0.997416914 0.023979845
0.996490240 0.033070114 0.076899134 0.012549751 -0.034048256 0.999354661 0.011443424 0.072996244 -0.076471068 -0.014021541 0.996973276 0.033439845
0.997025132 0.029474132 0.071218453 0.013113815 -0.031571567 0.999094903 0.028506504 0.106658719 -0.070313789 -0.030670183 0.997053266 0.041828822
0.997503102 0.020292912 0.067645557 0.013614527 -0.023675112 0.998489559 0.049577955 0.139251798 -0.066537306 -0.051055670 0.996476829 0.049723577
0.997925878 0.011359162 0.063362464 0.013569834 -0.015955387 0.997239947 0.072511151 0.168842301 -0.062363911 -0.073371746 0.995352864 0.056814373
0.998015881 0.006018848 0.062674724 0.014339130 -0.011851655 0.995584905 0.093113579 0.196055591 -0.061837569 -0.093671627 0.993680775 0.062584162
0.998036563 0.004255526 0.062487837 0.014398965 -0.011006476 0.994079888 0.108093619 0.220754772 -0.061657906 -0.108569175 0.992174923 0.068230420
0.997967839 0.008618997 0.063133188 0.015411858 -0.016064623 0.992836595 0.118396081 0.242004693 -0.061660483 -0.119169712 0.990957439 0.072004691
0.997997403 0.015973814 0.061204579 0.015330520 -0.023496766 0.991973877 0.124240786 0.259774119 -0.058728747 -0.125430092 0.990362704 0.075137928
0.998268366 0.019592814 0.055463374 0.014339664 -0.026528947 0.991518915 0.127225652 0.270960689 -0.052500267 -0.128476754 0.990321934 0.076071687
0.998596609 0.021676624 0.048320036 0.012531001 -0.027668284 0.991516650 0.127001733 0.276058197 -0.045157142 -0.128160477 0.990724862 0.075040527
0.998852849 0.021603994 0.042735025 0.010990980 -0.026887059 0.991513550 0.127192080 0.273685932 -0.039624505 -0.128195167 0.990957081 0.073681802
0.999008179 0.022329902 0.038524073 0.009799408 -0.027073838 0.991484225 0.127381012 0.264074862 -0.035351604 -0.128297672 0.991105437 0.071247160
0.999049604 0.023407882 0.036770307 0.008792442 -0.027909549 0.991494656 0.127119750 0.247106507 -0.033481952 -0.128025189 0.991205692 0.068029858
0.999047637 0.024066264 0.036393829 0.007371342 -0.028424919 0.991821468 0.124428019 0.224055678 -0.033101656 -0.125344038 0.991560996 0.062376589
0.999056458 0.023652170 0.036423914 0.006178638 -0.027874803 0.992362261 0.120167710 0.198161379 -0.033303484 -0.121069632 0.992085218 0.056620166
0.998841584 0.027659778 0.039376065 0.005738788 -0.032085452 0.992659569 0.116607465 0.168719992 -0.035861690 -0.117735773 0.992397189 0.051004179
0.998260498 0.034801777 0.047590900 0.005445565 -0.039970383 0.992862940 0.112363040 0.136249110 -0.043340810 -0.114069819 0.992526889 0.045568906
0.997753203 0.039531481 0.054090574 0.006126273 -0.045081917 0.993389130 0.105572619 0.101386480 -0.049559541 -0.107773930 0.992939413 0.039366968
0.997467816 0.041483574 0.057767007 0.005695065 -0.046889029 0.994314849 0.095600821 0.065386198 -0.053472731 -0.098067373 0.993742108 0.033321716
0.997294068 0.040740427 0.061194036 0.005025736 -0.045711096 0.995570660 0.082155541 0.028191607 -0.057575930 -0.084730484 0.994738996 0.026643787
0.997069836 0.039203186 0.065686248 0.004786145 -0.043470789 0.996947646 0.064852208 -0.008133765 -0.062943324 -0.067517623 0.995730639 0.020555198
0.996594071 0.038074128 0.073146574 0.004147676 -0.041358754 0.998178363 0.043927163 -0.044335097 -0.071340859 -0.046802811 0.996353388 0.012771117
0.996152639 0.037831981 0.079048552 0.002666243 -0.039663605 0.998976767 0.021730322 -0.078036353 -0.078145564 -0.024782069 0.996633887 0.005027932
0.995560169 0.037537478 0.086318471 0.001890255 -0.037841573 0.999281883 0.001888921 -0.109343290 -0.086185589 -0.005146962 0.996265829 -0.002702026
0.995242000 0.038325690 0.089579642 0.001749756 -0.037172154 0.999203563 -0.014510917 -0.136800274 -0.090064451 0.011112005 0.995873988 -0.010385602
0.995207787 0.034631114 0.091445163 0.000699268 -0.032178365 0.999085367 -0.028162085 -0.159135014 -0.092336811 0.025084566 0.995411754 -0.017310755
0.995435417 0.031369984 0.090134718 0.000928342 -0.028026368 0.998879790 -0.038125299 -0.175265536 -0.091229752 0.035425123 0.995199680 -0.021959281
0.995427787 0.025160747 0.092144310 -0.000514458 -0.021335904 0.998878717 -0.042261846 -0.187528461 -0.093104325 0.040102631 0.994848430 -0.027309118
0.995142341 0.023044951 0.095711559 -0.000687703 -0.019099362 0.998937666 -0.041937355 -0.190502092 -0.096576333 0.039905608 0.994525313 -0.027719919
0.994897902 0.020015664 0.098881632 0.000227980 -0.016228454 0.999109089 -0.038957495 -0.187251821 -0.099573292 0.037154034 0.994336307 -0.024460737
0.994810879 0.019498432 0.099856347 -0.001520123 -0.016183775 0.999294221 -0.033897538 -0.179340079 -0.100446828 0.032105584 0.994424224 -0.023069384
0.994340956 0.017921556 0.104713276 -0.000229378 -0.015016593 0.999481976 -0.028464967 -0.163441494 -0.105169177 0.026731454 0.994095027 -0.017105717
0.993699014 0.018565422 0.110533133 0.000206240 -0.016251931 0.999630392 -0.021794625 -0.144592613 -0.110896885 0.019860916 0.993633449 -0.010896006
0.992851019 0.024875138 0.116739854 0.002814091 -0.023267204 0.999615014 -0.015116502 -0.121505082 -0.117070958 0.012292224 0.993047297 -0.002929857
0.992152691 0.030036617 0.121370666 0.005936827 -0.029023858 0.999527752 -0.010104016 -0.096758701 -0.121616825 0.006502084 0.992555797 0.005193228
0.991526663 0.039329443 0.123806700 0.008543505 -0.039132938 0.999225974 -0.004019639 -0.070500925 -0.123868972 -0.000859340 0.992298245 0.013391928
0.991277695 0.042619631 0.124707505 0.011668261 -0.043276139 0.999059916 0.002558891 -0.043479435 -0.124481209 -0.007933430 0.992190242 0.023479421
0.991911352 0.045716714 0.118414164 0.014072733 -0.047466241 0.998800814 0.011995209 -0.018147631 -0.117723763 -0.017518861 0.992891848 0.030866783
0.992474139 0.047316048 0.112944335 0.016802885 -0.050185878 0.998481810 0.022701109 0.007962779 -0.111698732 -0.028198475 0.993342042 0.036495883
0.993651390 0.048398342 0.101561144 0.017597474 -0.052151836 0.998038411 0.034632616 0.032619569 -0.099685758 -0.039709352 0.994226336 0.038622908
0.994962454 0.047172695 0.088456675 0.018515997 -0.051498044 0.997553766 0.047269635 0.054752044 -0.086010456 -0.051586859 0.994957805 0.039001875
0.996175230 0.042897012 0.076123253 0.018367874 -0.047627371 0.996973038 0.061453588 0.072945654 -0.073256642 -0.064844094 0.995202899 0.037970621
0.997291505 0.036876921 0.063636974 0.018405903 -0.041729085 0.996181726 0.076684281 0.088496029 -0.060566109 -0.079132110 0.995022595 0.035157770
0.997987628 0.030660782 0.055503525 0.018405994 -0.035721049 0.995062113 0.092602827 0.098968543 -0.052390177 -0.094399139 0.994154930 0.031646866
0.998673856 0.021965325 0.046560638 0.017692907 -0.026921807 0.993715346 0.108650371 0.106694728 -0.043881483 -0.109759822 0.992989063 0.027333578
0.999121428 0.014943311 0.039152555 0.017037779 -0.019824704 0.991650879 0.127418071 0.111003339 -0.036921613 -0.128082350 0.991076112 0.023377018
0.999387562 0.008372466 0.033973567 0.016280564 -0.013249676 0.989198506 0.145982042 0.113647103 -0.032384358 -0.146342814 0.988703668 0.017430801
0.999412000 0.002894610 0.034163233 0.015957028 -0.008565851 0.985911071 0.167050481 0.114654534 -0.033198353 -0.167244941 0.985356212 0.013111103
0.999173045 -0.002259674 0.040595137 0.015756890 -0.005532843 0.981609285 0.190820500 0.114744164 -0.040279746 -0.190887332 0.980785131 0.009771712
0.998539448 -0.005194706 0.053778142 0.015908165 -0.006515508 0.976524889 0.215305865 0.114489466 -0.053634129 -0.215341821 0.975064695 0.006580845
0.997738183 -0.010962546 0.066320747 0.014882305 -0.005056344 0.971577883 0.236666083 0.113337725 -0.067030221 -0.236466140 0.969324887 0.004195776
0.996937811 -0.017588127 0.076194584 0.012775317 -0.002427697 0.966946840 0.254966259 0.112112224 -0.078160487 -0.254370481 0.963943303 0.001663771
0.996505201 -0.023043536 0.080288604 0.010169404 0.000334768 0.962288618 0.272030294 0.110363841 -0.083529338 -0.271052778 0.958933353 -0.002442088
0.996332586 -0.026874766 0.081234589 0.007695693 0.002104280 0.956802964 0.290729463 0.109539688 -0.085538775 -0.289492309 0.953350544 -0.006957687
0.996066034 -0.033910397 0.081868902 0.006268856 0.006854105 0.950597763 0.310349882 0.108346991 -0.088348478 -0.308567882 0.947090566 -0.011730885
0.995814741 -0.038604323 0.082840785 0.005067517 0.009114993 0.943843484 0.330267131 0.108718745 -0.090938479 -0.328129828 0.940245211 -0.017237915
0.995586991 -0.046534289 0.081492350 0.004932482 0.015221325 0.936970413 0.349076986 0.109251171 -0.092599988 -0.346296072 0.933543861 -0.023125766
0.995589018 -0.048071921 0.080570422 0.005472048 0.015190114 0.930021167 0.367191702 0.110417984 -0.092583835 -0.364348203 0.926649153 -0.029148012
0.995638549 -0.047719758 0.080165617 0.006652460 0.013445796 0.923709452 0.382857800 0.110900320 -0.092319630 -0.380110115 0.920322359 -0.034948405
0.995962799 -0.046500329 0.076783970 0.009081050 0.012403526 0.918455422 0.395330131 0.110644087 -0.088905625 -0.392781734 0.915324092 -0.039854884
0.996223807 -0.045690965 0.073828161 0.012279491 0.012148310 0.915318489 0.402547508 0.109036036 -0.085969076 -0.400130510 0.912416995 -0.043892402
0.996192038 -0.046957344 0.073460229 0.016609229 0.013324227 0.914668202 0.403985858 0.106728338 -0.086161844 -0.401468724 0.911810815 -0.045874484
0.996324956 -0.046252508 0.072092786 0.020952865 0.013648828 0.916646838 0.399464995 0.104508847 -0.084559873 -0.397012949 0.913909435 -0.046511795
0.996603251 -0.047670022 0.067152768 0.025359204 0.017559234 0.919684112 0.392266214 0.102655545 -0.080458671 -0.389754742 0.917397201 -0.046328187
0.996882498 -0.046703216 0.063592665 0.030008461 0.018717788 0.922969162 0.384418339 0.100959249 -0.076647639 -0.382029653 0.920966089 -0.045025792
0.997087061 -0.043684494 0.062521666 0.033184838 0.016915629 0.925970674 0.377216369 0.100320973 -0.074371748 -0.375059992 0.924012363 -0.043448340
0.997447193 -0.039026964 0.059799291 0.035364196 0.014011912 0.928124249 0.372006595 0.100051306 -0.070019454 -0.370219052 0.926301897 -0.041556776
0.997789621 -0.035454292 0.056203298 0.036261104 0.012329230 0.929864466 0.367695570 0.099429481 -0.065297835 -0.366189867 0.928246260 -0.039448489
0.998211622 -0.029532796 0.051974528 0.037553295 0.008461689 0.930494070 0.366208911 0.098372914 -0.059177168 -0.365114212 0.929080009 -0.036772676
0.998408794 -0.026621182 0.049712010 0.038455620 0.006506700 0.930051863 0.367370486 0.097683109 -0.056014590 -0.366462529 0.928745151 -0.034285706
0.998593569 -0.022411473 0.048047248 0.039961226 0.002966845 0.928461730 0.371415973 0.096866503 -0.052934006 -0.370751083 0.927222490 -0.032132294
0.998692513 -0.019509206 0.047249731 0.042958073 0.000335163 0.926788867 0.375582695 0.096392684 -0.051117837 -0.375075817 0.925583601 -0.029581241
0.998754561 -0.018578686 0.046306096 0.046637956 -0.000315919 0.925714135 0.378223926 0.095662199 -0.049893104 -0.377767414 0.924555242 -0.026757147
0.998748541 -0.020020388 0.045830939 0.052940596 0.001113079 0.925053239 0.379835814 0.095037356 -0.050000507 -0.379309505 0.923917890 -0.023843244
0.998671710 -0.022678841 0.046264473 0.060792442 0.003343854 0.924554348 0.381035447 0.094262823 -0.051415462 -0.380374640 0.923402190 -0.020633224
0.998492301 -0.024015205 0.049360976 0.069781609 0.003295530 0.923826039 0.382798404 0.093037985 -0.054793943 -0.382058561 0.922512293 -0.017431257
0.998322725 -0.026925623 0.051251106 0.080648482 0.005202910 0.923409581 0.383780777 0.092799038 -0.057659302 -0.382870406 0.922000885 -0.013661763
0.998127997 -0.031346988 0.052515335 0.093141772 0.008657454 0.922431886 0.386062682 0.091601320 -0.060543723 -0.384885371 0.920976520 -0.010760535
0.997998893 -0.036078133 0.051928610 0.108040370 0.013133416 0.921610117 0.387894750 0.090409294 -0.061852440 -0.386436522 0.920239747 -0.009096652
0.997741342 -0.040159032 0.053847380 0.123630114 0.016056377 0.920956731 0.389333934 0.089340068 -0.065226384 -0.387589931 0.919521332 -0.005933747
0.997455299 -0.044699475 0.055540644 0.141662925 0.019623518 0.921082020 0.388873667 0.086824842 -0.068539932 -0.386794209 0.919615448 -0.004691280
0.996965170 -0.049020283 0.060475592 0.159158155 0.022072166 0.922959626 0.384263366 0.085485712 -0.074653223 -0.381762385 0.921240687 -0.002772588
0.996344030 -0.053878106 0.066299602 0.177310616 0.024907816 0.925541699 0.377825469 0.083280638 -0.081719570 -0.374792755 0.923500001 -0.000390384
0.995579004 -0.060648989 0.071722582 0.196514606 0.029760364 0.927931488 0.371560931 0.080254756 -0.089088425 -0.367783785 0.925634086 0.002184108
0.994764984 -0.065344624 0.078565754 0.215381622 0.032084607 0.929673135 0.366985559 0.077931397 -0.097021006 -0.362543613 0.926903009 0.004427291
0.993924141 -0.071013600 0.084094495 0.233930916 0.035582710 0.930310130 0.365043640 0.077293359 -0.104157023 -0.359833360 0.927184641 0.006667171
0.993092299 -0.074774839 0.090423964 0.251837671 0.036507376 0.929297507 0.367523044 0.077326052 -0.111512244 -0.361683100 0.925608158 0.008522946
0.992044747 -0.077841297 0.098933853 0.268692017 0.035356518 0.926558495 0.374485224 0.078337654 -0.120818421 -0.368008167 0.921939850 0.010335434
0.991041481 -0.080611691 0.106482595 0.286926091 0.033672228 0.922356009 0.384871155 0.079734281 -0.129239962 -0.377837896 0.916807294 0.010746434
0.989800751 -0.086371429 0.113289542 0.301154077 0.035018858 0.918359101 0.394195914 0.081430912 -0.138087749 -0.386208117 0.912016988 0.012343578
0.989329875 -0.089637615 0.114854552 0.313467205 0.036417417 0.915454507 0.400770426 0.083118729 -0.141068220 -0.392311484 0.908950686 0.013290346
0.989228547 -0.088787012 0.116377585 0.324711412 0.034526505 0.914136469 0.403933764 0.085593991 -0.142249048 -0.395564705 0.907355368 0.014593095
0.989422739 -0.088856317 0.114661023 0.334246963 0.035167456 0.913785398 0.404672146 0.087257549 -0.140733227 -0.396359563 0.907244802 0.015451267
0.989570379 -0.089014187 0.113255024 0.341110736 0.036127284 0.914457679 0.403065681 0.088846952 -0.139445454 -0.394770354 0.908136189 0.016307503
0.989767432 -0.090740360 0.110120744 0.346043527 0.039513469 0.915866673 0.399533421 0.090018585 -0.137109697 -0.391093969 0.910080492 0.016831376
0.990094662 -0.090563416 0.107288413 0.348309636 0.040879454 0.916995704 0.396796942 0.090672381 -0.134318277 -0.388480663 0.911614716 0.017559893
0.990134895 -0.092420407 0.105316281 0.349033773 0.043843705 0.918235540 0.393600404 0.091384873 -0.133081853 -0.385099977 0.913228989 0.017107144
0.990004599 -0.093732662 0.105380118 0.347281903 0.045133222 0.918458283 0.392934054 0.091931447 -0.133617997 -0.384250462 0.913508475 0.016839445
0.989792466 -0.092350960 0.108546391 0.344263881 0.042447958 0.918105960 0.394055426 0.092005268 -0.136048496 -0.385425538 0.912654281 0.015528031
0.989620209 -0.091181837 0.111074679 0.338570863 0.040496167 0.918544590 0.393237710 0.091655061 -0.137883171 -0.384657919 0.912702799 0.014349602
0.989623070 -0.090752244 0.111401021 0.329838961 0.040218610 0.919259965 0.391591012 0.090819567 -0.137944266 -0.383047134 0.913370848 0.012526870
0.989940584 -0.089698650 0.109415486 0.320320338 0.040025551 0.919302762 0.391510427 0.089154676 -0.135703892 -0.383192629 0.913645327 0.010189645
0.990263343 -0.090142086 0.106079057 0.307761282 0.041682925 0.919072390 0.391877890 0.089116506 -0.132819027 -0.383640677 0.913881183 0.007439874
0.991041422 -0.086994097 0.101336755 0.294603199 0.040269952 0.918090045 0.394321114 0.089983478 -0.127339840 -0.386707664 0.913368285 0.004498575
0.991560221 -0.085029677 0.097868621 0.279586047 0.039467115 0.917028248 0.396864623 0.090954430 -0.123493545 -0.389652550 0.912644565 0.002394952
0.992173195 -0.083999962 0.092393264 0.263646722 0.040477753 0.916317284 0.398402154 0.091660559 -0.118127279 -0.391544104 0.912545383 0.000107970
0.992667258 -0.083001211 0.087878779 0.244893178 0.041306283 0.916147351 0.398707658 0.091641501 -0.113603130 -0.392154068 0.912857950 -0.002088070
0.993303955 -0.080060452 0.083292127 0.225290135 0.040619116 0.916938126 0.396956593 0.092000619 -0.108154282 -0.390915304 0.914050341 -0.004764594
0.994006276 -0.076704964 0.077896640 0.204912797 0.040082175 0.918622792 0.393097579 0.091714010 -0.101710156 -0.387619227 0.916191280 -0.007634126
0.994688928 -0.072805807 0.072753564 0.183223516 0.039000090 0.920749366 0.388200253 0.091001190 -0.095251031 -0.383301139 0.918698847 -0.010865603
0.995418370 -0.066948198 0.068266228 0.161097646 0.035793290 0.922961354 0.383224756 0.089749366 -0.088663310 -0.379025429 0.921128988 -0.014409574
0.995911360 -0.064263456 0.063487411 0.139093548 0.035627685 0.925251186 0.377678275 0.088854872 -0.083012708 -0.373872161 0.923757851 -0.017331777
0.996270359 -0.061542343 0.060481247 0.115212731 0.034346990 0.925853014 0.376319557 0.086496554 -0.079156339 -0.372838616 0.924513757 -0.020022247
0.996654868 -0.058796905 0.056762468 0.091652870 0.033222523 0.926057816 0.375916481 0.086442441 -0.074668065 -0.372773170 0.924913466 -0.022483652
0.997184098 -0.054167658 0.051862612 0.067819722 0.030605389 0.925310433 0.377973467 0.086273380 -0.068462960 -0.375321865 0.924362719 -0.024786370
0.997623742 -0.049490843 0.047929708 0.042803831 0.027459385 0.923669100 0.382206023 0.087147333 -0.063186884 -0.379981697 0.922833323 -0.027437251
0.998040557 -0.044887360 0.043590404 0.019620217 0.024664138 0.922490656 0.385230750 0.088751011 -0.057503715 -0.383400738 0.921790361 -0.028614674
0.998299539 -0.040601730 0.041827321 -0.004332001 0.021365438 0.922460794 0.385499150 0.089981630 -0.054236002 -0.383949935 0.921759725 -0.030820467
0.998468518 -0.039349854 0.038887884 -0.028046535 0.021388520 0.922824919 0.384625226 0.090395600 -0.051021647 -0.383204430 0.922253311 -0.032700032
0.998618364 -0.037948702 0.036347952 -0.052595519 0.021209203 0.923945129 0.381936640 0.092238829 -0.048077509 -0.380638063 0.923473477 -0.034469154
0.998767734 -0.035864890 0.034301747 -0.076360375 0.020168383 0.924863398 0.379764438 0.093729883 -0.045344643 -0.378604680 0.924447119 -0.035977352
0.998965561 -0.032348827 0.031957626 -0.099932402 0.017899163 0.925790846 0.377612293 0.095550708 -0.041801389 -0.376649678 0.925412178 -0.037558105
0.999091089 -0.030945862 0.029316705 -0.122886270 0.017641282 0.926243007 0.376513779 0.096956052 -0.038805947 -0.375654340 0.925947070 -0.039526559
0.999313056 -0.028621349 0.023541674 -0.146310851 0.017635575 0.925975978 0.377170414 0.099361412 -0.032594152 -0.376496196 0.925844610 -0.040845316
0.999553919 -0.025675422 0.015263411 -0.167239100 0.017939545 0.924600482 0.380515635 0.102792561 -0.023882460 -0.380072027 0.924648523 -0.042612277
0.999743700 -0.021137144 0.008107204 -0.186835662 0.016369818 0.922330916 0.386054069 0.106271803 -0.015637605 -0.385822415 0.922440529 -0.044350043
0.999821305 -0.018899178 -0.000311682 -0.204738274 0.017512817 0.920022786 0.391473234 0.109997638 -0.007111768 -0.391408741 0.920189440 -0.045127440
0.999820352 -0.016416255 -0.009475326 -0.221607268 0.018825177 0.918326259 0.395376325 0.112613760 0.002210842 -0.395483613 0.918470442 -0.046042010
0.999678969 -0.016145378 -0.019524310 -0.235637560 0.022533292 0.918883443 0.393885165 0.115451105 0.011581142 -0.394198686 0.918952227 -0.047436606
0.999587536 -0.014629284 -0.024712648 -0.248212755 0.023106765 0.920692205 0.389604896 0.115679003 0.017053101 -0.390015244 0.920650482 -0.048205622
0.999449313 -0.013048876 -0.030509576 -0.258306682 0.023774009 0.923014164 0.384030849 0.115568712 0.023149597 -0.384544790 0.922816038 -0.049484417
0.999285877 -0.012475614 -0.035664503 -0.265752107 0.025033673 0.925616026 0.377635002 0.115320891 0.028300408 -0.378258198 0.925267398 -0.050139256
0.999242187 -0.010977244 -0.037344847 -0.269768864 0.024131138 0.927497506 0.373049647 0.115055710 0.030542195 -0.373668104 0.927059531 -0.051441092
0.999276757 -0.008908637 -0.036969252 -0.270491660 0.022014180 0.928226709 0.371363252 0.114789516 0.031007506 -0.371908486 0.927751422 -0.052602336
0.999339104 -0.006637124 -0.035742413 -0.267357886 0.019506358 0.927568316 0.373144209 0.114152066 0.030676924 -0.373594791 0.927084684 -0.053989951
0.999471307 -0.006926927 -0.031766426 -0.261290789 0.018353753 0.926682830 0.375395775 0.113439746 0.026837070 -0.375780314 0.926320076 -0.055280183
0.999642313 -0.006286852 -0.025994912 -0.252740920 0.015622949 0.926165938 0.376792580 0.112677254 0.021706762 -0.377063960 0.925932825 -0.056296676
0.999807596 -0.006812996 -0.018392855 -0.240998521 0.013239136 0.926305056 0.376541555 0.111568861 0.014472019 -0.376712590 0.926217139 -0.057703894
0.999917805 -0.006409332 -0.011110135 -0.226944566 0.010099426 0.927394807 0.373947710 0.110244393 0.007906728 -0.374029130 0.927383304 -0.059411481
0.999973655 -0.006174529 -0.003824316 -0.210808933 0.007153984 0.928228855 0.371940911 0.107873194 0.001253277 -0.371958464 0.928248525 -0.060388930
0.999977231 -0.006414067 0.002068131 -0.192996755 0.005202562 0.929780900 0.368076593 0.106440008 -0.004283776 -0.368057519 0.929793179 -0.062153220
0.999932766 -0.008313418 0.008087810 -0.173362151 0.004772597 0.930461466 0.366358697 0.104912363 -0.010571089 -0.366295457 0.930438578 -0.063070767
0.999852598 -0.009662961 0.014190278 -0.153123945 0.003779877 0.930181324 0.367081046 0.103430100 -0.016746620 -0.366973370 0.930080712 -0.063119918
0.999723434 -0.013517857 0.019245382 -0.131499588 0.005459245 0.929342508 0.369178534 0.103192791 -0.022876056 -0.368971348 0.929159164 -0.063093781
0.999633253 -0.018135890 0.020111706 -0.109528027 0.009284236 0.927142560 0.374593854 0.102392174 -0.025440015 -0.374269813 0.926970780 -0.062477909
0.999503016 -0.022996735 0.021558056 -0.086539648 0.013055474 0.924516380 0.380918950 0.101920575 -0.028690662 -0.380448133 0.924357116 -0.061267890
0.999363720 -0.025860438 0.024564773 -0.063189544 0.014410382 0.922739387 0.385154784 0.102465019 -0.032627165 -0.384555727 0.922524929 -0.059184950
0.999249995 -0.027035872 0.027722638 -0.039147232 0.014195056 0.921828687 0.387337863 0.102661423 -0.036027547 -0.386653870 0.921520889 -0.057459038
0.999212742 -0.028251091 0.027852174 -0.015209821 0.015245249 0.921592355 0.387859762 0.102192596 -0.036625810 -0.387129903 0.921297491 -0.055478442
0.999231696 -0.029543942 0.025753211 0.008047763 0.017331045 0.922435045 0.385763228 0.102152519 -0.035152633 -0.385020524 0.922238290 -0.053880878
0.999255061 -0.031149056 0.022783412 0.031239256 0.020011235 0.923010945 0.384252906 0.101947367 -0.032998458 -0.383510768 0.922946811 -0.050940409
0.999193251 -0.033369899 0.022343989 0.053134520 0.022225436 0.922893167 0.384414196 0.100954689 -0.033448972 -0.383607507 0.922890246 -0.048732936
0.999096394 -0.035795446 0.022915035 0.073961779 0.024174567 0.922049522 0.386316121 0.100106962 -0.034957167 -0.385413080 0.922081709 -0.046178196
0.998935342 -0.039098956 0.024485234 0.094053246 0.026517771 0.920956731 0.388761282 0.100147039 -0.037750013 -0.387698084 0.921013057 -0.043528501
0.998789549 -0.040570728 0.027812947 0.111646250 0.026469842 0.919889152 0.391284198 0.101226464 -0.041459516 -0.390074342 0.919849455 -0.040804073
0.998521864 -0.042769779 0.033536773 0.126658231 0.026133511 0.918855488 0.393727779 0.103026785 -0.047655106 -0.392269433 0.918615103 -0.037994672
0.998253703 -0.045684375 0.037446193 0.139833108 0.027202131 0.918240011 0.395089120 0.105190165 -0.052433990 -0.393380612 0.917879343 -0.034937844
0.998004913 -0.049382210 0.039338648 0.151182085 0.029852256 0.918117285 0.395182908 0.108100317 -0.055632502 -0.393220156 0.917759776 -0.030775068
0.997755408 -0.050598603 0.043861069 0.161939070 0.029310696 0.918931305 0.393326819 0.110758483 -0.060207095 -0.391158402 0.918351889 -0.026807737
0.997031033 -0.053436842 0.055439841 0.170979485 0.027874459 0.921638966 0.387046009 0.112877898 -0.071778044 -0.384351492 0.920392215 -0.022188576
0.995727479 -0.057784609 0.072025269 0.178720087 0.026568172 0.926297426 0.375855207 0.114955969 -0.088435456 -0.372335851 0.923875153 -0.016871203
0.994458973 -0.060152188 0.086215362 0.185008645 0.025409853 0.933339059 0.358095497 0.117221929 -0.102008402 -0.353920519 0.929695964 -0.010860410
0.993458450 -0.058520146 0.098059058 0.189590141 0.022003299 0.940714896 0.338483870 0.118505232 -0.112053737 -0.334112048 0.935848951 -0.005547199
0.992261529 -0.056659710 0.110484347 0.193083972 0.018612040 0.947632611 0.318819642 0.118591949 -0.122762799 -0.314296067 0.941354036 -0.000450116
0.990749300 -0.056173474 0.123532370 0.196246937 0.016938532 0.954375029 0.298130006 0.117574140 -0.134643212 -0.293279648 0.946497917 0.003087755
0.989342391 -0.056249827 0.134303898 0.199041277 0.016328698 0.959410429 0.281540543 0.116016045 -0.144689158 -0.276347011 0.950103939 0.007140696
0.987903655 -0.059833739 0.143060073 0.202706188 0.019052392 0.962404490 0.270951390 0.114375487 -0.153893694 -0.264948249 0.951902866 0.011548430
0.986334026 -0.067151651 0.150452241 0.205541342 0.024213795 0.962336421 0.270780861 0.112674922 -0.162969053 -0.263437361 0.950811207 0.015224516
0.984590054 -0.075648472 0.157670110 0.210611105 0.029209953 0.960071146 0.278227031 0.110630065 -0.172421992 -0.269334048 0.947486043 0.020650543
0.982324421 -0.086856797 0.165815204 0.217023447 0.036418397 0.957582772 0.285847723 0.108544916 -0.183609605 -0.274756432 0.943820119 0.027205192
0.979981184 -0.096098885 0.174361080 0.223720297 0.041391913 0.954998970 0.293706864 0.106476218 -0.194739535 -0.280610055 0.939858854 0.035869014
0.977714598 -0.106041871 0.181188479 0.231783897 0.047196757 0.951987147 0.302477986 0.103783727 -0.204564422 -0.287185669 0.935776532 0.045484520
0.975929677 -0.113101810 0.186464861 0.238985911 0.050366241 0.948784471 0.311883420 0.101537041 -0.212189555 -0.294984788 0.931643426 0.056008399
0.974865615 -0.117787398 0.189110786 0.245585784 0.051885374 0.945507705 0.321439058 0.098466873 -0.216667175 -0.303547919 0.927854538 0.067120031
0.974907696 -0.120041847 0.187469482 0.250879973 0.052885465 0.942931116 0.328761429 0.095437594 -0.216235936 -0.310597658 0.925619304 0.078616589
0.975073934 -0.125734970 0.182815641 0.253914684 0.058120031 0.939907014 0.336447477 0.090757832 -0.214132905 -0.317435861 0.923786581 0.091699198
0.976739824 -0.125855982 0.173607543 0.255114973 0.060159218 0.937953889 0.341501385 0.086345568 -0.205815896 -0.323113948 0.923708439 0.105678633
0.978746414 -0.122743927 0.164284661 0.253214210 0.060405672 0.938110650 0.341027260 0.081468627 -0.195976228 -0.323855430 0.925586879 0.120915622
0.981677592 -0.116173238 0.151039392 0.249545678 0.059532151 0.939960539 0.336050689 0.075586155 -0.181011155 -0.320901692 0.929654181 0.135689989
0.984678328 -0.106574208 0.138023928 0.243198812 0.056313138 0.943439841 0.326726198 0.070062518 -0.165037841 -0.313947618 0.934986293 0.151187539
0.987886846 -0.094705805 0.122924745 0.234754398 0.051533274 0.947429597 0.315786988 0.065288022 -0.146369413 -0.305627078 0.940833688 0.165970281
0.990729332 -0.080849938 0.109173045 0.223568439 0.043589223 0.950319409 0.308209419 0.060722858 -0.128667980 -0.300593287 0.945033371 0.181484103
0.993343830 -0.068438254 0.092650279 0.210676938 0.037340283 0.952241600 0.303053796 0.056646150 -0.108965918 -0.297577024 0.948458850 0.194683328
0.995913863 -0.055024732 0.071609169 0.194645435 0.031019542 0.953126550 0.300977558 0.053978037 -0.084813796 -0.297526419 0.950938821 0.207230106
0.997901022 -0.044555843 0.046992697 0.175411969 0.028397592 0.953263819 0.300801754 0.051359128 -0.058198906 -0.298835903 0.952528238 0.216968030
0.999211311 -0.035702895 0.017383721 0.153403208 0.028738361 0.952268064 0.303907275 0.050144039 -0.027404327 -0.303167999 0.952543020 0.224669203
0.999666452 -0.023629686 -0.010419741 0.127620742 0.025692068 0.950868845 0.308526158 0.050757878 0.002617441 -0.308691025 0.951158762 0.228791639
0.999228597 -0.012452286 -0.037242822 0.100373931 0.023543842 0.949005246 0.314380020 0.051586293 0.031428888 -0.315014362 0.948566377 0.230325222
0.997831106 -0.001125110 -0.065815724 0.071429484 0.022166520 0.947200716 0.319874108 0.054297801 0.061980788 -0.320639193 0.945171356 0.226503521
0.995706379 0.011678319 -0.091827735 0.041026406 0.018871270 0.945567369 0.324878812 0.057402223 0.090623334 -0.325216800 0.941287100 0.220186338
0.993148744 0.026415221 -0.113832220 0.008696225 0.012572891 0.944307327 0.328824610 0.060865112 0.116178572 -0.328002989 0.937505484 0.209116712
0.989545584 0.035547763 -0.139770478 -0.021531263 0.012851059 0.943558216 0.330957502 0.065792069 0.143646359 -0.329293817 0.933237016 0.196203902
0.986074805 0.038991660 -0.161666811 -0.052422799 0.017114326 0.943171084 0.331866473 0.069282360 0.165419519 -0.330011994 0.929369926 0.179118201
0.981837809 0.039226521 -0.185622469 -0.080527537 0.025150619 0.942845821 0.332278699 0.074372977 0.188047513 -0.330912381 0.924735188 0.160225242
